"village_ID","poor.household.CNT","poor.JPT.CNT","poor.JPT.MOFreg.CNT","poor.JPT.MOFval.CNT","poor.JPT.MOFval.health","poor.JPT.MOFval.living","poor.JPT.MOFval.education","poor.JPT.MOFval.income","poor.JPT.MOFval.accessibility","JPT.MOFval.pov.rate","poor.JPT.MOFval.ind1.CNT","poor.JPT.MOFval.ind2.CNT","poor.JPT.MOFval.ind3.CNT","poor.JPT.MOFval.ind4.CNT","poor.JPT.MOFval.ind5.CNT","poor.JPT.MOFval.ind6.CNT","poor.JPT.MOFval.ind7.CNT","poor.JPT.MOFval.ind8.CNT","poor.JPT.MOFval.ind9.CNT","poor.JPT.MOFval.ind10.CNT","poor.JPT.MOFval.ind11.CNT","poor.JPT.MOFval.ind12.CNT","poor.JPT.MOFval.ind13.CNT","poor.JPT.MOFval.ind14.CNT","poor.JPT.MOFval.ind15.CNT","poor.JPT.MOFval.ind16.CNT","poor.JPT.MOFval.ind17.CNT","poor.JPT.MOFval.ind18.CNT","poor.JPT.MOFval.ind19.CNT","poor.JPT.MOFval.ind20.CNT","poor.JPT.MOFval.ind21.CNT","poor.JPT.MOFval.ind22.CNT","poor.JPT.MOFval.ind23.CNT","poor.JPT.MOFval.ind24.CNT","poor.JPT.MOFval.ind25.CNT","poor.JPT.MOFval.ind26.CNT","poor.JPT.MOFval.ind27.CNT","poor.JPT.MOFval.ind28.CNT","poor.JPT.MOFval.ind29.CNT","poor.JPT.MOFval.ind30.CNT","poor.JPT.MOFval.ind31.CNT","province_ID"
"2301020101",9,39,8,8,2,0,8,0,0,1.76991150442478,0,0,0,0,0,0,2,0,0,0,0,0,0,0,0,5,0,0,3,4,4,0,0,0,0,0,0,0,0,0,0,"23"
"2301020201",6,31,4,4,0,0,4,0,0,0.481927710843374,0,0,0,0,0,0,0,0,0,0,0,0,0,0,0,4,0,0,0,0,0,0,0,2,2,0,0,0,0,0,0,"23"
"2301020301",4,19,3,3,0,0,3,0,0,0.538599640933573,0,0,0,0,0,0,0,0,0,0,0,0,0,0,0,3,0,0,0,0,0,0,0,3,3,3,0,0,0,0,0,"23"
"2301020401",7,36,1,1,0,0,1,0,0,0.177304964539007,0,0,0,0,0,0,0,0,0,0,0,0,0,0,0,1,0,0,0,0,0,0,0,1,0,0,0,0,0,0,0,"23"
"2301020501",13,64,3,3,0,0,3,0,0,0.323974082073434,0,0,0,0,0,0,0,0,0,0,0,0,0,0,0,3,0,0,0,0,2,0,0,2,1,0,0,0,0,0,0,"23"
"2301020601",7,41,8,6,0,0,6,0,0,0.91324200913242,0,0,0,0,0,0,0,0,0,0,0,0,0,0,0,2,0,0,4,4,0,0,0,4,5,0,0,0,0,0,0,"23"
"2301020701",4,12,3,2,2,0,1,0,0,0.366300366300366,0,0,0,0,0,0,2,0,0,0,0,0,0,0,0,0,0,0,1,0,0,0,0,1,0,0,0,0,1,0,0,"23"
"2301030101",0,0,0,0,0,0,0,0,0,0,0,0,0,0,0,0,0,0,0,0,0,0,0,0,0,0,0,0,0,0,0,0,0,0,0,0,0,0,0,0,0,"23"
"2301030201",0,0,0,0,0,0,0,0,0,0,0,0,0,0,0,0,0,0,0,0,0,0,0,0,0,0,0,0,0,0,0,0,0,0,0,0,0,0,0,0,0,"23"
"2301030301",1,8,3,1,0,0,1,0,0,0.150375939849624,0,0,0,0,0,0,0,0,0,0,0,0,0,0,0,1,0,0,0,0,0,0,0,0,0,0,0,0,0,0,0,"23"
"2301030401",1,1,0,0,0,0,0,0,0,0,0,0,0,0,0,0,0,0,0,0,0,0,0,0,0,0,0,0,0,0,0,0,0,0,0,0,0,0,0,0,0,"23"
"2301030501",0,0,0,0,0,0,0,0,0,0,0,0,0,0,0,0,0,0,0,0,0,0,0,0,0,0,0,0,0,0,0,0,0,0,0,0,0,0,0,0,0,"23"
"2301030601",0,0,0,0,0,0,0,0,0,0,0,0,0,0,0,0,0,0,0,0,0,0,0,0,0,0,0,0,0,0,0,0,0,0,0,0,0,0,0,0,0,"23"
"2301030701",0,0,0,0,0,0,0,0,0,0,0,0,0,0,0,0,0,0,0,0,0,0,0,0,0,0,0,0,0,0,0,0,0,0,0,0,0,0,0,0,0,"23"
"2301030801",0,0,0,0,0,0,0,0,0,0,0,0,0,0,0,0,0,0,0,0,0,0,0,0,0,0,0,0,0,0,0,0,0,0,0,0,0,0,0,0,0,"23"
"2301040101",7,40,4,4,0,0,4,0,0,0.355555555555556,0,0,0,0,0,0,0,0,0,0,0,0,0,0,0,4,0,0,0,0,0,0,0,1,1,0,0,0,0,0,0,"23"
"2301040201",5,19,3,2,0,0,2,0,0,0.324149108589951,0,0,0,0,0,0,0,0,0,0,0,0,0,0,0,2,0,0,0,0,0,0,0,0,0,0,0,0,0,0,0,"23"
"2301040301",0,0,0,0,0,0,0,0,0,0,0,0,0,0,0,0,0,0,0,0,0,0,0,0,0,0,0,0,0,0,0,0,0,0,0,0,0,0,0,0,0,"23"
"2301040401",4,14,4,4,0,0,4,0,0,0.823045267489712,0,0,0,0,0,0,0,0,0,0,0,0,0,0,0,4,0,0,0,0,0,0,2,0,0,0,0,0,0,0,0,"23"
"2301040501",4,13,4,4,1,0,3,0,0,1.03896103896104,0,0,0,0,0,0,1,0,0,0,0,0,0,0,0,3,0,0,0,0,0,0,0,2,3,0,0,0,0,0,0,"23"
"2301050101",0,0,0,0,0,0,0,0,0,0,0,0,0,0,0,0,0,0,0,0,0,0,0,0,0,0,0,0,0,0,0,0,0,0,0,0,0,0,0,0,0,"23"
"2301050201",0,0,0,0,0,0,0,0,0,0,0,0,0,0,0,0,0,0,0,0,0,0,0,0,0,0,0,0,0,0,0,0,0,0,0,0,0,0,0,0,0,"23"
"2301050301",0,0,0,0,0,0,0,0,0,0,0,0,0,0,0,0,0,0,0,0,0,0,0,0,0,0,0,0,0,0,0,0,0,0,0,0,0,0,0,0,0,"23"
"2301050401",0,0,0,0,0,0,0,0,0,0,0,0,0,0,0,0,0,0,0,0,0,0,0,0,0,0,0,0,0,0,0,0,0,0,0,0,0,0,0,0,0,"23"
"2301050501",0,0,0,0,0,0,0,0,0,0,0,0,0,0,0,0,0,0,0,0,0,0,0,0,0,0,0,0,0,0,0,0,0,0,0,0,0,0,0,0,0,"23"
"2301060101",0,0,0,0,0,0,0,0,0,0,0,0,0,0,0,0,0,0,0,0,0,0,0,0,0,0,0,0,0,0,0,0,0,0,0,0,0,0,0,0,0,"23"
"2301060201",0,0,0,0,0,0,0,0,0,0,0,0,0,0,0,0,0,0,0,0,0,0,0,0,0,0,0,0,0,0,0,0,0,0,0,0,0,0,0,0,0,"23"
"2301060301",0,0,0,0,0,0,0,0,0,0,0,0,0,0,0,0,0,0,0,0,0,0,0,0,0,0,0,0,0,0,0,0,0,0,0,0,0,0,0,0,0,"23"
"2301060401",0,0,0,0,0,0,0,0,0,0,0,0,0,0,0,0,0,0,0,0,0,0,0,0,0,0,0,0,0,0,0,0,0,0,0,0,0,0,0,0,0,"23"
"2301060501",0,0,0,0,0,0,0,0,0,0,0,0,0,0,0,0,0,0,0,0,0,0,0,0,0,0,0,0,0,0,0,0,0,0,0,0,0,0,0,0,0,"23"
"2301060601",0,0,0,0,0,0,0,0,0,0,0,0,0,0,0,0,0,0,0,0,0,0,0,0,0,0,0,0,0,0,0,0,0,0,0,0,0,0,0,0,0,"23"
"2301070101",92,391,30,27,8,0,19,0,0,0.728351766927435,0,0,0,0,0,0,8,0,0,0,0,0,0,0,0,19,0,0,0,0,0,0,0,1,1,0,0,0,0,0,0,"23"
"2301070201",14,51,4,3,0,0,3,0,0,0.139082058414465,0,0,0,0,0,0,0,0,0,0,0,0,0,0,0,3,0,0,0,0,0,0,0,0,0,1,0,0,0,0,0,"23"
"2301070301",4,24,3,2,0,0,2,0,0,0.161290322580645,0,0,0,0,0,0,0,0,0,0,0,0,0,0,0,2,0,0,0,0,0,0,0,0,0,0,0,0,0,0,0,"23"
"2301070401",30,89,5,4,2,0,2,0,0,0.646203554119548,0,0,0,0,0,0,2,0,0,0,0,0,0,0,0,2,0,0,0,0,0,0,2,2,2,0,0,0,0,0,0,"23"
"2301070501",8,24,1,1,0,0,1,0,0,0.153374233128834,0,0,0,0,0,0,0,0,0,0,0,0,0,0,0,1,0,0,0,0,0,0,0,0,0,0,0,0,0,0,0,"23"
"2301070601",6,28,4,4,0,0,4,0,0,0.680272108843537,0,0,0,0,0,0,0,0,0,0,0,0,0,0,0,4,0,0,0,0,0,0,0,1,1,0,0,0,0,0,0,"23"
"2301070701",12,47,4,3,0,0,3,0,0,0.521739130434783,0,0,0,0,0,0,0,0,0,0,0,0,0,0,0,3,0,0,0,0,0,0,0,0,0,0,0,0,0,0,0,"23"
"2301070801",30,170,25,24,0,0,24,0,0,1.29659643435981,0,0,0,0,0,0,0,0,0,0,0,0,0,0,0,24,0,0,0,0,0,0,0,0,0,0,0,0,0,0,0,"23"
"2301070901",26,98,9,9,4,0,5,0,0,0.81008100810081,0,0,0,0,0,0,4,0,0,0,0,0,0,0,0,5,0,0,0,0,0,0,0,3,1,0,0,0,0,0,0,"23"
"2301071001",4,17,4,4,0,0,4,0,0,1.38888888888889,0,0,0,0,0,0,0,0,0,0,0,0,0,0,0,2,0,0,2,0,0,0,0,0,0,0,0,0,0,0,0,"23"
"2301071101",3,12,1,1,0,0,1,0,0,0.462962962962963,0,0,0,0,0,0,0,0,0,0,0,0,0,0,0,1,0,0,0,0,0,0,0,0,0,0,0,0,0,0,0,"23"
"2301071201",32,91,5,5,5,0,0,0,0,0.367376928728876,0,0,0,0,0,0,5,0,0,0,0,0,0,0,0,0,0,0,0,0,0,0,2,0,0,0,0,0,0,0,0,"23"
"2301080101",13,60,5,5,0,0,5,0,0,1.00200400801603,0,0,0,0,0,0,0,0,0,0,0,0,0,0,0,5,0,0,0,0,0,0,0,0,0,0,0,0,0,0,0,"23"
"2301080201",9,39,3,2,0,0,2,0,0,0.560224089635854,0,0,0,0,0,0,0,0,0,0,0,0,0,0,0,2,0,0,0,0,0,0,0,0,1,0,0,0,0,0,0,"23"
"2301080301",8,37,1,1,0,0,1,0,0,0.261096605744125,0,0,0,0,0,0,0,0,0,0,0,0,0,0,0,1,0,0,0,0,0,0,0,0,0,0,0,0,0,0,0,"23"
"2301080401",6,42,9,8,0,0,8,0,0,1.83908045977011,0,0,0,0,0,0,0,0,0,0,0,0,0,0,0,8,0,0,0,0,0,0,0,1,1,0,0,0,0,0,0,"23"
"2301080501",10,46,5,5,0,0,5,0,0,1.17370892018779,0,0,0,0,0,0,0,0,0,0,0,0,0,0,0,5,0,0,0,0,0,0,0,0,0,0,0,0,0,0,0,"23"
"2301080601",32,130,14,13,0,0,13,0,0,1.40997830802603,0,0,0,0,0,0,0,0,0,0,0,0,0,0,0,13,0,0,0,0,0,0,2,2,1,0,0,0,0,0,0,"23"
"2301080701",8,42,4,4,0,0,4,0,0,1.43884892086331,0,0,0,0,0,0,0,0,0,0,0,0,0,0,0,4,0,0,0,0,0,0,0,0,0,0,0,0,0,0,0,"23"
"2301080801",10,43,4,4,0,0,4,0,0,1.06100795755968,0,0,0,0,0,0,0,0,0,0,0,0,0,0,0,4,0,0,0,0,0,0,0,0,0,0,0,0,0,0,0,"23"
"2301080901",13,53,5,4,0,0,4,0,0,0.767754318618042,0,0,0,0,0,0,0,0,0,0,0,0,0,0,0,4,0,0,0,0,0,0,2,0,0,0,0,0,0,0,0,"23"
"2301081001",8,35,1,1,0,0,1,0,0,0.15527950310559,0,0,0,0,0,0,0,0,0,0,0,0,0,0,0,1,0,0,0,0,0,0,0,0,0,0,0,0,0,0,0,"23"
"2301081101",5,23,5,5,0,0,5,0,0,3.78787878787879,0,0,0,0,0,0,0,0,0,0,0,0,0,0,0,5,0,0,0,0,0,0,0,0,0,0,0,0,0,0,0,"23"
"2301090101",11,44,2,1,0,0,1,0,0,0.253164556962025,0,0,0,0,0,0,0,0,0,0,0,0,0,0,0,1,0,0,0,0,0,0,0,0,0,0,0,0,0,0,0,"23"
"2301090201",2,11,0,0,0,0,0,0,0,0,0,0,0,0,0,0,0,0,0,0,0,0,0,0,0,0,0,0,0,0,0,0,0,0,0,0,0,0,0,0,0,"23"
"2301090301",17,68,4,4,2,0,2,0,0,0.479041916167665,0,0,0,0,0,0,2,0,0,0,0,0,0,0,0,1,0,0,1,0,0,0,0,1,0,0,0,0,0,0,0,"23"
"2301090401",20,83,4,2,0,0,2,0,0,0.212765957446809,0,0,0,0,0,0,0,0,0,0,0,0,0,0,0,2,0,0,0,0,0,0,0,0,0,0,0,0,0,0,0,"23"
"2301090501",0,0,0,0,0,0,0,0,0,0,0,0,0,0,0,0,0,0,0,0,0,0,0,0,0,0,0,0,0,0,0,0,0,0,0,0,0,0,0,0,0,"23"
"2301090601",8,37,2,1,0,0,1,0,0,0.247524752475248,0,0,0,0,0,0,0,0,0,0,0,0,0,0,0,1,0,0,0,0,0,0,0,0,0,0,0,0,0,0,0,"23"
"2301090801",13,50,1,1,0,0,1,0,0,0.176991150442478,0,0,0,0,0,0,0,0,0,0,0,0,0,0,0,1,0,0,0,0,0,0,0,0,1,0,0,0,0,0,0,"23"
"2301090901",14,72,7,6,0,0,6,0,0,1.10497237569061,0,0,0,0,0,0,0,0,0,0,0,0,0,0,0,5,0,0,1,3,0,0,4,0,0,0,0,0,0,0,0,"23"
"2301110101",6,25,4,4,0,0,4,0,0,1.12044817927171,0,0,0,0,0,0,0,0,0,0,0,0,0,0,0,4,0,0,0,0,0,0,2,4,4,0,0,0,0,0,0,"23"
"2301110201",4,18,2,2,0,0,2,0,0,1.01522842639594,0,0,0,0,0,0,0,0,0,0,0,0,0,0,0,2,0,0,0,0,0,0,2,0,0,0,0,0,0,0,0,"23"
"2301110301",6,21,0,0,0,0,0,0,0,0,0,0,0,0,0,0,0,0,0,0,0,0,0,0,0,0,0,0,0,0,0,0,0,0,0,0,0,0,0,0,0,"23"
"2301110401",2,8,4,4,0,0,4,0,0,0.626959247648903,0,0,0,0,0,0,0,0,0,0,0,0,0,0,0,1,0,0,3,0,3,0,3,0,3,0,0,0,0,0,0,"23"
"2301110501",7,39,1,0,0,0,0,0,0,0,0,0,0,0,0,0,0,0,0,0,0,0,0,0,0,0,0,0,0,0,0,0,0,0,0,0,0,0,0,0,0,"23"
"2301110601",10,44,4,4,0,0,4,0,0,0.91533180778032,0,0,0,0,0,0,0,0,0,0,0,0,0,0,0,4,0,0,0,0,0,0,4,0,0,0,0,0,0,0,0,"23"
"2301110701",3,14,2,2,0,0,2,0,0,0.78125,0,0,0,0,0,0,0,0,0,0,0,0,0,0,0,2,0,0,0,0,0,0,2,0,2,0,0,0,0,0,0,"23"
"2301110801",6,28,4,4,0,0,4,0,0,1.00755667506297,0,0,0,0,0,0,0,0,0,0,0,0,0,0,0,4,0,0,0,0,0,0,3,3,4,0,0,0,0,0,0,"23"
"2301120101",5,8,2,2,2,0,0,0,0,0.813008130081301,0,0,0,0,0,0,2,0,0,0,0,0,0,0,0,0,0,0,0,0,1,0,0,0,0,0,0,0,0,2,0,"23"
"2301120201",12,57,2,2,0,0,2,0,0,0.467289719626168,0,0,0,0,0,0,0,0,0,0,0,0,0,0,0,0,0,0,2,0,2,0,0,0,0,0,0,0,0,0,0,"23"
"2301120301",7,28,4,2,0,0,2,0,0,0.602409638554217,0,0,0,0,0,0,0,0,0,0,0,0,0,0,0,2,0,0,0,0,0,0,0,0,0,0,0,0,0,0,0,"23"
"2301120401",7,33,3,3,0,0,3,0,0,0.934579439252336,0,0,0,0,0,0,0,0,0,0,0,0,0,0,0,3,0,0,0,0,0,0,0,0,3,0,0,0,0,0,0,"23"
"2301120501",2,10,2,1,0,0,1,0,0,0.65359477124183,0,0,0,0,0,0,0,0,0,0,0,0,0,0,0,1,0,0,0,0,0,0,0,0,1,0,0,0,0,0,0,"23"
"2301120601",15,59,8,7,1,0,6,0,0,2.14723926380368,0,0,0,0,0,0,1,0,0,0,0,0,0,0,0,6,0,0,0,0,0,0,2,2,6,0,0,0,0,0,0,"23"
"2301130101",4,18,2,2,1,0,1,0,0,0.560224089635854,0,0,0,0,0,0,1,0,0,0,0,0,0,0,0,1,0,0,0,0,0,0,0,0,0,0,0,0,0,0,0,"23"
"2301130201",1,3,1,0,0,0,0,0,0,0,0,0,0,0,0,0,0,0,0,0,0,0,0,0,0,0,0,0,0,0,0,0,0,0,0,0,0,0,0,0,0,"23"
"2301130301",1,4,2,2,0,0,2,0,0,0.651465798045603,0,0,0,0,0,0,0,0,0,0,0,0,0,0,0,2,0,0,0,0,0,0,0,0,0,0,0,0,0,0,0,"23"
"2301130401",3,8,0,0,0,0,0,0,0,0,0,0,0,0,0,0,0,0,0,0,0,0,0,0,0,0,0,0,0,0,0,0,0,0,0,0,0,0,0,0,0,"23"
"2301130501",4,16,0,0,0,0,0,0,0,0,0,0,0,0,0,0,0,0,0,0,0,0,0,0,0,0,0,0,0,0,0,0,0,0,0,0,0,0,0,0,0,"23"
"2301140101",52,142,33,30,0,28,5,0,0,5.29100529100529,0,0,0,0,0,0,0,28,0,0,0,0,0,0,0,5,0,0,0,0,0,0,0,23,17,24,0,0,0,0,0,"23"
"2301140201",5,20,5,4,0,0,4,0,0,1.68776371308017,0,0,0,0,0,0,0,0,0,0,0,0,0,0,0,2,0,0,2,0,0,0,0,1,1,0,0,0,0,0,0,"23"
"2301140301",5,21,4,3,2,1,1,0,0,0.8,0,0,0,0,0,1,2,0,0,0,1,0,1,0,0,1,0,0,0,0,0,0,0,1,3,1,0,0,0,0,0,"23"
"2301140401",13,55,9,8,0,0,8,0,0,2.46913580246914,0,0,0,0,0,7,0,0,0,0,0,0,0,0,0,3,0,0,5,0,0,0,0,3,3,0,0,0,0,0,0,"23"
"2301140501",23,83,14,11,1,0,10,0,0,2.21774193548387,0,0,0,0,0,0,1,0,0,0,0,0,0,0,0,7,0,0,3,0,0,0,2,3,1,0,0,0,0,0,0,"23"
"2301140601",4,18,0,0,0,0,0,0,0,0,0,0,0,0,0,0,0,0,0,0,0,0,0,0,0,0,0,0,0,0,0,0,0,0,0,0,0,0,0,0,0,"23"
"2301140701",14,41,6,6,5,0,1,0,0,1.9672131147541,0,0,0,0,0,0,5,0,0,0,0,0,0,0,0,1,0,0,0,0,0,0,0,0,0,0,0,0,0,0,0,"23"
"2301140801",9,29,2,2,1,0,1,0,0,0.443458980044346,0,0,0,0,0,0,1,0,0,0,0,0,0,0,0,1,0,0,0,0,0,0,0,0,0,0,0,0,0,0,0,"23"
"2301140901",14,79,7,6,1,0,6,0,0,2.52100840336134,0,0,0,0,0,0,1,0,0,0,0,0,0,0,0,3,0,0,3,1,0,0,0,1,3,0,0,0,0,0,0,"23"
"2301141001",50,175,54,48,17,13,22,0,0,9.33852140077821,0,0,0,0,0,14,17,0,0,0,13,0,1,1,0,16,0,0,6,0,0,0,3,6,25,11,0,0,0,0,0,"23"
"2301510101",3,5,1,1,0,1,0,0,0,1.26582278481013,0,0,0,0,0,0,0,0,0,0,1,0,0,0,0,0,0,0,0,0,0,0,0,1,0,0,0,0,0,1,0,"23"
"2301510201",1,3,1,0,0,0,0,0,0,0,0,0,0,0,0,0,0,0,0,0,0,0,0,0,0,0,0,0,0,0,0,0,0,0,0,0,0,0,0,0,0,"23"
"2301510301",2,9,1,0,0,0,0,0,0,0,0,0,0,0,0,0,0,0,0,0,0,0,0,0,0,0,0,0,0,0,0,0,0,0,0,0,0,0,0,0,0,"23"
"2301510401",2,5,0,0,0,0,0,0,0,0,0,0,0,0,0,0,0,0,0,0,0,0,0,0,0,0,0,0,0,0,0,0,0,0,0,0,0,0,0,0,0,"23"
"2301510501",0,0,0,0,0,0,0,0,0,0,0,0,0,0,0,0,0,0,0,0,0,0,0,0,0,0,0,0,0,0,0,0,0,0,0,0,0,0,0,0,0,"23"
"2301510601",10,27,1,1,0,0,1,0,0,0.131752305665349,0,0,0,0,0,0,0,0,0,0,0,0,0,0,0,0,0,0,1,1,0,0,0,0,0,0,0,0,0,0,0,"23"
"2301510701",0,0,0,0,0,0,0,0,0,0,0,0,0,0,0,0,0,0,0,0,0,0,0,0,0,0,0,0,0,0,0,0,0,0,0,0,0,0,0,0,0,"23"
"2301520101",1,7,0,0,0,0,0,0,0,0,0,0,0,0,0,0,0,0,0,0,0,0,0,0,0,0,0,0,0,0,0,0,0,0,0,0,0,0,0,0,0,"23"
"2301520201",1,4,0,0,0,0,0,0,0,0,0,0,0,0,0,0,0,0,0,0,0,0,0,0,0,0,0,0,0,0,0,0,0,0,0,0,0,0,0,0,0,"23"
"2301520301",2,14,3,3,0,0,3,0,0,0.642398286937901,0,0,0,0,0,0,0,0,0,0,0,0,0,0,0,3,0,0,0,0,0,0,0,0,0,0,0,0,0,0,0,"23"
"2301520401",2,12,1,0,0,0,0,0,0,0,0,0,0,0,0,0,0,0,0,0,0,0,0,0,0,0,0,0,0,0,0,0,0,0,0,0,0,0,0,0,0,"23"
"2301520501",2,8,0,0,0,0,0,0,0,0,0,0,0,0,0,0,0,0,0,0,0,0,0,0,0,0,0,0,0,0,0,0,0,0,0,0,0,0,0,0,0,"23"
"2301520601",2,8,0,0,0,0,0,0,0,0,0,0,0,0,0,0,0,0,0,0,0,0,0,0,0,0,0,0,0,0,0,0,0,0,0,0,0,0,0,0,0,"23"
"2301520701",5,20,2,1,0,0,1,0,0,0.119189511323004,0,0,0,0,0,0,0,0,0,0,0,0,0,0,0,1,0,0,0,0,0,0,0,0,0,0,0,0,0,0,0,"23"
"2301520801",0,0,0,0,0,0,0,0,0,0,0,0,0,0,0,0,0,0,0,0,0,0,0,0,0,0,0,0,0,0,0,0,0,0,0,0,0,0,0,0,0,"23"
"2301520901",2,6,2,2,0,0,2,0,0,0.518134715025907,0,0,0,0,0,0,0,0,0,0,0,0,0,0,0,2,0,0,0,0,0,0,2,0,0,0,0,0,0,0,0,"23"
"2302010101",11,38,9,8,0,0,8,0,0,2.16216216216216,0,0,0,0,0,0,0,0,0,0,0,0,0,0,0,8,0,0,0,0,0,0,8,0,0,0,0,0,0,0,0,"23"
"2302010201",0,0,0,0,0,0,0,0,0,0,0,0,0,0,0,0,0,0,0,0,0,0,0,0,0,0,0,0,0,0,0,0,0,0,0,0,0,0,0,0,0,"23"
"2302010301",0,0,0,0,0,0,0,0,0,0,0,0,0,0,0,0,0,0,0,0,0,0,0,0,0,0,0,0,0,0,0,0,0,0,0,0,0,0,0,0,0,"23"
"2302010401",0,0,0,0,0,0,0,0,0,0,0,0,0,0,0,0,0,0,0,0,0,0,0,0,0,0,0,0,0,0,0,0,0,0,0,0,0,0,0,0,0,"23"
"2302010501",7,28,3,3,0,0,3,0,0,0.748129675810474,0,0,0,0,0,0,0,0,0,0,0,0,0,0,0,3,0,0,0,0,0,0,3,0,0,0,0,0,0,0,0,"23"
"2302010601",12,36,5,4,4,0,0,0,0,0.871459694989107,0,0,0,0,0,0,4,0,0,0,0,0,0,0,0,0,0,0,0,1,0,0,4,0,0,0,0,0,0,0,0,"23"
"2302010701",3,8,2,2,0,0,2,0,0,0.529100529100529,0,0,0,0,0,0,0,0,0,0,0,0,0,0,0,2,0,0,0,0,0,0,1,0,0,0,0,1,0,0,0,"23"
"2302010801",13,27,7,5,2,3,0,0,0,0.954198473282443,0,0,0,1,1,0,0,2,0,0,1,0,0,0,0,0,0,0,0,4,4,0,0,0,0,0,0,0,0,0,1,"23"
"2302010901",23,39,16,15,14,0,1,0,0,2.64550264550265,0,0,0,0,0,0,14,0,0,0,0,0,0,0,0,1,0,0,0,0,0,0,15,0,0,0,0,0,0,0,0,"23"
"2302020101",3,3,1,1,0,1,0,0,0,0.432900432900433,0,0,0,0,0,0,0,0,0,0,1,0,0,0,0,0,0,0,0,0,0,0,1,0,0,0,0,0,0,0,0,"23"
"2302020201",2,5,3,3,3,0,0,0,0,3.40909090909091,0,0,0,0,0,0,3,0,0,0,0,2,0,0,0,0,0,0,0,1,0,0,1,3,3,0,0,0,0,0,0,"23"
"2302020301",15,54,7,5,1,0,4,0,0,1.02040816326531,0,0,0,0,0,0,1,0,0,0,0,0,0,0,0,4,0,0,0,0,0,0,5,0,0,0,0,0,0,0,0,"23"
"2302020401",4,6,3,3,3,0,0,0,0,1.28755364806867,0,0,0,0,0,0,3,0,0,0,0,0,0,0,0,0,0,0,0,0,0,0,3,0,0,0,0,0,0,0,0,"23"
"2302020501",0,0,0,0,0,0,0,0,0,0,0,0,0,0,0,0,0,0,0,0,0,0,0,0,0,0,0,0,0,0,0,0,0,0,0,0,0,0,0,0,0,"23"
"2302020601",8,11,3,3,2,0,1,0,0,1.06382978723404,0,0,0,0,0,0,2,0,0,0,0,0,0,0,0,1,0,0,0,0,0,0,3,0,0,0,0,0,0,0,0,"23"
"2302030101",4,10,4,4,1,0,3,0,0,0.934579439252336,0,0,0,1,0,0,0,0,0,0,0,0,0,0,0,3,0,0,0,0,0,0,1,0,0,0,0,0,0,0,0,"23"
"2302030201",6,12,4,3,0,1,2,0,0,1.96078431372549,0,0,0,0,0,0,0,1,0,0,0,0,0,0,0,0,0,0,2,2,0,0,0,0,2,0,0,0,0,0,1,"23"
"2302030301",4,9,2,2,0,2,0,0,0,1.23456790123457,0,0,0,0,0,0,0,0,0,0,2,0,0,0,0,0,0,0,0,0,0,0,1,0,0,0,0,0,0,0,0,"23"
"2302030401",3,7,0,0,0,0,0,0,0,0,0,0,0,0,0,0,0,0,0,0,0,0,0,0,0,0,0,0,0,0,0,0,0,0,0,0,0,0,0,0,0,"23"
"2302030501",26,63,9,8,3,1,4,0,0,0.94228504122497,0,0,0,2,0,0,1,1,0,0,0,0,0,0,0,4,0,0,0,2,1,0,1,4,3,0,0,0,0,0,3,"23"
"2302510101",4,4,0,0,0,0,0,0,0,0,0,0,0,0,0,0,0,0,0,0,0,0,0,0,0,0,0,0,0,0,0,0,0,0,0,0,0,0,0,0,0,"23"
"2302510201",16,20,2,2,1,0,1,0,0,1.08108108108108,0,0,0,0,0,0,1,0,0,0,0,0,0,0,0,1,0,0,0,0,0,0,2,0,0,0,0,0,0,0,0,"23"
"2302510301",0,0,0,0,0,0,0,0,0,0,0,0,0,0,0,0,0,0,0,0,0,0,0,0,0,0,0,0,0,0,0,0,0,0,0,0,0,0,0,0,0,"23"
"2302510401",10,15,5,5,4,1,0,0,0,3.64963503649635,0,0,0,0,0,0,4,0,0,1,0,0,0,0,0,0,0,0,0,0,0,0,5,0,0,0,0,0,0,0,0,"23"
"2302510501",8,8,5,5,5,0,0,0,0,10.4166666666667,0,0,0,0,0,0,5,0,0,0,0,0,0,0,0,0,0,0,0,0,0,0,5,0,0,0,0,0,0,0,0,"23"
"2302510601",5,5,3,2,2,0,0,0,0,8,0,0,0,0,0,0,2,0,0,0,0,0,0,0,0,0,0,0,0,0,0,0,2,0,0,0,0,0,0,0,0,"23"
"2302510701",19,43,7,7,5,0,2,0,0,2.13414634146341,0,0,0,0,0,0,5,0,0,0,0,0,0,0,0,2,0,0,0,0,0,0,7,0,0,0,0,0,0,0,0,"23"
"2302510801",0,0,0,0,0,0,0,0,0,0,0,0,0,0,0,0,0,0,0,0,0,0,0,0,0,0,0,0,0,0,0,0,0,0,0,0,0,0,0,0,0,"23"
"2302510901",2,2,2,2,2,0,0,0,0,1.6,0,0,0,0,0,0,2,0,0,0,0,0,0,0,0,0,0,0,0,0,0,0,2,0,0,0,0,0,0,0,0,"23"
"2302511001",12,20,8,7,5,0,2,0,0,2.49110320284698,0,0,0,0,0,0,5,0,0,0,0,0,0,0,0,2,0,0,0,0,0,0,7,0,0,0,0,0,0,0,0,"23"
"2303010101",12,20,3,3,0,0,3,0,0,3.125,0,0,0,0,0,0,0,0,0,0,0,0,0,0,0,3,0,0,0,0,0,0,0,0,0,0,0,0,0,0,3,"23"
"2303010201",24,26,9,5,5,0,0,0,0,2.47524752475248,0,0,0,0,0,0,5,0,0,0,0,0,0,0,0,0,0,0,0,0,0,0,0,0,0,0,0,0,0,0,0,"23"
"2303010301",42,64,4,4,2,0,2,0,0,0.69204152249135,0,0,0,0,0,0,2,0,0,0,0,0,0,0,0,2,0,0,0,0,0,0,0,0,0,0,0,0,0,0,2,"23"
"2303010401",56,60,7,6,6,0,0,0,0,4.16666666666667,0,0,0,0,0,0,6,0,0,0,0,0,0,0,0,0,0,0,0,0,0,0,0,0,0,0,0,0,0,0,0,"23"
"2303010501",36,52,4,3,3,0,0,0,0,0.934579439252336,0,0,0,0,0,0,3,0,0,0,0,0,0,0,0,0,0,0,0,0,0,0,1,0,0,0,0,0,0,0,0,"23"
"2303010601",50,85,17,14,7,0,7,0,0,2.60707635009311,0,0,0,0,0,0,7,0,0,0,0,0,0,0,0,7,0,0,0,0,0,0,3,0,0,0,0,0,0,0,9,"23"
"2303010701",53,69,8,7,5,0,2,0,0,2.05278592375367,0,0,0,0,0,0,5,0,0,0,0,0,0,0,0,2,0,0,0,0,0,0,1,0,0,0,0,0,0,0,5,"23"
"2303010801",34,38,4,3,3,0,0,0,0,2.20588235294118,0,0,0,0,0,0,3,0,0,0,0,0,0,0,0,0,0,0,0,0,0,0,1,0,0,0,0,0,0,0,1,"23"
"2303010901",60,74,14,13,12,0,1,0,0,3.28282828282828,0,0,0,0,0,0,12,0,0,0,0,0,0,0,0,1,0,0,0,0,0,0,2,0,0,0,0,0,0,0,3,"23"
"2303020101",7,18,0,0,0,0,0,0,0,0,0,0,0,0,0,0,0,0,0,0,0,0,0,0,0,0,0,0,0,0,0,0,0,0,0,0,0,0,0,0,0,"23"
"2303020201",22,54,6,6,6,0,2,0,0,1.48514851485149,0,0,0,0,0,2,6,0,0,0,0,0,0,0,0,2,0,0,0,0,0,0,3,0,0,0,0,0,0,0,0,"23"
"2303020301",6,23,3,2,0,0,2,0,0,0.335570469798658,0,0,0,0,0,0,0,0,0,0,0,0,0,0,0,2,0,0,0,0,0,0,0,0,0,0,0,0,0,0,0,"23"
"2303020401",7,33,2,2,0,0,2,0,0,0.377358490566038,0,0,0,0,0,0,0,0,0,0,0,0,0,0,0,2,0,0,0,0,0,0,0,1,1,0,0,0,0,0,0,"23"
"2303020501",1,5,1,1,0,0,1,0,0,0.518134715025907,0,0,0,0,0,0,0,0,0,0,0,0,0,0,0,1,0,0,0,0,0,0,0,0,0,0,0,0,0,0,0,"23"
"2303020601",4,14,0,0,0,0,0,0,0,0,0,0,0,0,0,0,0,0,0,0,0,0,0,0,0,0,0,0,0,0,0,0,0,0,0,0,0,0,0,0,0,"23"
"2303020701",3,12,0,0,0,0,0,0,0,0,0,0,0,0,0,0,0,0,0,0,0,0,0,0,0,0,0,0,0,0,0,0,0,0,0,0,0,0,0,0,0,"23"
"2303020801",1,5,0,0,0,0,0,0,0,0,0,0,0,0,0,0,0,0,0,0,0,0,0,0,0,0,0,0,0,0,0,0,0,0,0,0,0,0,0,0,0,"23"
"2303020901",1,3,0,0,0,0,0,0,0,0,0,0,0,0,0,0,0,0,0,0,0,0,0,0,0,0,0,0,0,0,0,0,0,0,0,0,0,0,0,0,0,"23"
"2303021001",4,15,1,0,0,0,0,0,0,0,0,0,0,0,0,0,0,0,0,0,0,0,0,0,0,0,0,0,0,0,0,0,0,0,0,0,0,0,0,0,0,"23"
"2303030101",68,128,17,16,12,3,1,0,0,1.99004975124378,0,0,0,1,3,0,8,0,0,0,3,1,1,0,0,1,0,0,0,0,0,0,1,0,0,0,0,0,0,0,10,"23"
"2303030201",58,92,21,19,11,0,8,0,0,2.6027397260274,0,0,0,0,0,0,11,0,0,0,0,0,0,0,0,8,0,0,0,0,0,0,1,0,0,0,0,0,0,0,10,"23"
"2303030301",7,38,0,0,0,0,0,0,0,0,0,0,0,0,0,0,0,0,0,0,0,0,0,0,0,0,0,0,0,0,0,0,0,0,0,0,0,0,0,0,0,"23"
"2303030401",2,8,0,0,0,0,0,0,0,0,0,0,0,0,0,0,0,0,0,0,0,0,0,0,0,0,0,0,0,0,0,0,0,0,0,0,0,0,0,0,0,"23"
"2303030501",10,47,10,10,0,0,10,0,0,2.45098039215686,0,0,0,0,0,0,0,0,0,0,0,0,0,0,0,10,0,0,0,0,0,0,0,3,0,0,0,0,0,0,0,"23"
"2303030601",5,18,5,5,0,0,5,0,0,1.1037527593819,0,0,0,0,0,0,0,0,0,0,0,0,2,0,0,5,0,0,0,0,0,0,0,0,0,0,0,0,0,0,0,"23"
"2303030701",6,38,1,1,0,0,1,0,0,0.25706940874036,0,0,0,0,0,0,0,0,0,0,0,0,0,0,0,1,0,0,0,0,0,0,0,0,0,0,0,0,0,0,0,"23"
"2303040101",9,34,2,2,0,0,2,0,0,0.180995475113122,0,0,0,0,0,0,0,0,0,0,0,0,0,0,0,2,0,0,0,0,0,0,0,0,0,0,0,0,0,0,0,"23"
"2303040201",5,24,7,5,0,0,5,0,0,0.797448165869218,0,0,0,0,0,0,0,0,0,0,0,0,0,0,0,5,0,0,0,0,0,0,0,0,0,0,0,0,0,0,0,"23"
"2303040301",6,18,0,0,0,0,0,0,0,0,0,0,0,0,0,0,0,0,0,0,0,0,0,0,0,0,0,0,0,0,0,0,0,0,0,0,0,0,0,0,0,"23"
"2303040401",3,13,3,2,0,0,2,0,0,0.444444444444444,0,0,0,0,0,0,0,0,0,0,0,0,0,0,0,2,0,0,0,0,0,0,0,1,1,0,0,0,0,0,0,"23"
"2303040501",2,10,1,1,0,0,1,0,0,0.595238095238095,0,0,0,0,0,0,0,0,0,0,0,0,0,0,0,1,0,0,0,0,0,0,0,0,0,0,0,0,0,0,0,"23"
"2303050101",59,95,5,5,5,0,0,0,0,0.907441016333938,0,0,0,0,0,0,5,0,0,0,0,0,0,0,0,0,0,0,0,0,0,0,0,0,0,0,0,0,0,0,0,"23"
"2303050201",56,93,15,14,5,4,7,0,0,2.20820189274448,0,0,0,0,0,0,5,0,0,2,2,0,0,0,0,5,0,0,2,0,0,0,2,0,0,0,0,0,0,0,5,"23"
"2303050301",38,53,10,9,7,0,2,0,0,2.97029702970297,0,0,0,0,0,0,7,0,0,0,0,0,0,0,0,2,0,0,0,0,0,0,0,0,0,0,0,0,0,0,3,"23"
"2303050401",19,40,7,6,0,0,6,0,0,1.55440414507772,0,0,0,0,0,0,0,0,0,0,0,0,0,0,0,6,0,0,0,0,0,0,0,0,0,0,0,0,0,0,6,"23"
"2303050501",18,37,4,4,4,0,0,0,0,0.982800982800983,0,0,0,0,0,0,4,0,0,0,0,0,0,0,0,0,0,0,0,0,0,0,0,0,0,0,0,0,0,0,2,"23"
"2303050601",28,43,3,3,2,0,1,0,0,0.77720207253886,0,0,0,0,0,0,2,0,0,0,0,0,0,0,0,1,0,0,0,0,0,0,0,0,0,0,0,0,0,0,3,"23"
"2303050701",28,45,4,4,4,0,0,0,0,1.42857142857143,0,0,0,0,0,0,4,0,0,0,0,0,0,0,0,0,0,0,0,0,0,0,0,0,0,0,0,0,0,0,1,"23"
"2303050801",18,24,0,0,0,0,0,0,0,0,0,0,0,0,0,0,0,0,0,0,0,0,0,0,0,0,0,0,0,0,0,0,0,0,0,0,0,0,0,0,0,"23"
"2303050901",21,34,3,3,3,0,0,0,0,0.845070422535211,0,0,0,0,0,0,3,0,0,0,0,0,0,0,0,0,0,0,0,0,0,0,3,0,0,0,0,0,0,0,0,"23"
"2303060101",3,8,6,6,0,3,3,0,0,2.16606498194946,0,0,0,0,0,0,0,1,2,0,0,0,0,0,0,3,0,0,0,0,0,0,0,0,0,0,0,0,0,0,0,"23"
"2303060201",6,34,2,2,0,0,2,0,0,0.344234079173838,0,0,0,0,0,0,0,0,0,0,0,0,0,0,0,2,0,0,0,0,0,0,0,0,0,0,0,0,0,0,0,"23"
"2303060301",5,21,1,0,0,0,0,0,0,0,0,0,0,0,0,0,0,0,0,0,0,0,0,0,0,0,0,0,0,0,0,0,0,0,0,0,0,0,0,0,0,"23"
"2303060401",7,24,1,1,0,0,1,0,0,0.261780104712042,0,0,0,0,0,0,0,0,0,0,0,0,0,0,0,1,0,0,0,0,0,0,0,0,0,0,0,0,0,0,0,"23"
"2303060501",15,59,5,4,0,0,4,0,0,0.709219858156028,0,0,0,0,0,0,0,0,0,0,0,0,0,0,0,4,0,0,0,0,0,0,0,0,0,0,0,0,0,0,0,"23"
"2303060601",4,18,0,0,0,0,0,0,0,0,0,0,0,0,0,0,0,0,0,0,0,0,0,0,0,0,0,0,0,0,0,0,0,0,0,0,0,0,0,0,0,"23"
"2303060701",4,20,0,0,0,0,0,0,0,0,0,0,0,0,0,0,0,0,0,0,0,0,0,0,0,0,0,0,0,0,0,0,0,0,0,0,0,0,0,0,0,"23"
"2303060801",5,27,3,3,0,0,3,0,0,0.819672131147541,0,0,0,0,0,0,0,0,0,0,0,0,0,0,0,3,0,0,0,0,0,0,0,0,0,0,0,0,0,0,0,"23"
"2303060901",4,22,7,7,0,0,7,0,0,1.48936170212766,0,0,0,0,0,0,0,0,0,0,0,0,0,0,0,7,0,0,0,0,0,0,0,0,0,0,0,0,0,0,0,"23"
"2303061001",2,10,0,0,0,0,0,0,0,0,0,0,0,0,0,0,0,0,0,0,0,0,0,0,0,0,0,0,0,0,0,0,0,0,0,0,0,0,0,0,0,"23"
"2303070101",12,49,4,2,0,0,2,0,0,0.459770114942529,0,0,0,0,0,0,0,0,0,0,0,0,0,0,0,2,0,0,0,0,0,0,0,2,2,0,0,0,0,0,0,"23"
"2303070201",55,187,15,15,3,14,1,0,0,2.94117647058824,0,0,0,1,2,1,0,2,0,0,13,0,3,0,0,0,0,0,1,3,1,0,2,3,6,0,0,0,0,0,0,"23"
"2303070301",22,53,8,6,2,6,0,0,0,1.57894736842105,0,0,0,0,2,0,0,0,0,0,6,0,0,0,0,0,0,0,0,0,0,0,0,1,0,0,0,0,0,0,0,"23"
"2303070401",10,36,5,5,1,4,0,0,0,1.29198966408269,0,0,0,1,0,0,0,0,0,0,4,0,2,0,0,0,0,0,0,0,0,0,0,0,3,0,0,0,0,0,0,"23"
"2303070501",10,32,2,2,1,0,1,0,0,0.900900900900901,0,0,0,0,0,0,1,0,0,0,0,0,0,0,0,1,0,0,0,0,0,0,0,0,0,0,0,0,0,0,0,"23"
"2303070601",3,8,0,0,0,0,0,0,0,0,0,0,0,0,0,0,0,0,0,0,0,0,0,0,0,0,0,0,0,0,0,0,0,0,0,0,0,0,0,0,0,"23"
"2303070701",35,82,20,14,1,8,5,0,0,4.74576271186441,0,0,0,0,1,0,0,0,0,0,8,0,0,0,0,3,0,0,2,0,0,0,0,7,3,0,0,0,0,0,0,"23"
"2303080101",22,31,2,1,1,0,0,0,0,0.194174757281553,0,0,0,0,0,0,1,0,0,0,0,0,0,0,0,0,0,0,0,0,0,0,1,0,0,0,0,0,0,0,0,"23"
"2303080201",8,29,5,4,1,0,3,0,0,0.804828973843058,0,0,0,0,0,0,1,0,0,0,0,0,0,0,0,3,0,0,0,0,0,0,1,2,0,0,0,0,0,0,0,"23"
"2303080301",3,6,1,1,0,0,1,0,0,0.48780487804878,0,0,0,0,0,0,0,0,0,0,0,0,0,0,0,0,1,0,0,0,0,0,0,0,0,0,0,0,0,0,0,"23"
"2303080401",6,22,5,4,0,2,2,0,0,1.24223602484472,0,0,0,0,0,0,0,2,0,0,0,0,0,0,0,2,0,0,0,0,0,0,0,0,0,0,0,0,0,0,0,"23"
"2303080501",32,40,5,5,5,0,0,0,0,2.03252032520325,0,0,0,0,0,0,5,0,0,0,0,0,0,0,0,0,0,0,0,0,0,0,0,0,0,0,0,0,0,0,2,"23"
"2303080601",32,33,3,3,3,0,0,0,0,2.05479452054794,0,0,0,0,0,0,3,0,0,0,0,0,0,0,0,0,0,0,0,0,0,0,0,0,0,0,0,0,0,0,0,"23"
"2303080701",43,55,6,5,4,0,1,0,0,4.0650406504065,0,0,0,0,0,0,4,0,0,0,0,0,0,0,0,1,0,0,0,0,0,0,0,0,0,0,0,0,0,0,1,"23"
"2303080801",25,28,6,5,5,0,0,0,0,3.08641975308642,0,0,0,0,0,0,5,0,0,0,0,0,0,0,0,0,0,0,0,0,0,0,1,0,0,0,0,0,0,0,0,"23"
"2303080901",26,44,7,7,4,2,1,0,0,2.60223048327138,0,0,0,0,0,0,4,0,0,0,2,0,0,0,0,1,0,0,0,0,0,0,4,0,0,0,0,0,0,0,5,"23"
"2303510101",0,0,0,0,0,0,0,0,0,0,0,0,0,0,0,0,0,0,0,0,0,0,0,0,0,0,0,0,0,0,0,0,0,0,0,0,0,0,0,0,0,"23"
"2303510201",3,10,1,1,0,0,1,0,0,0.315457413249211,0,0,0,0,0,0,0,0,0,0,0,0,0,0,0,1,0,0,0,0,0,0,0,0,0,0,0,0,0,0,0,"23"
"2303520101",9,29,3,2,2,0,0,0,0,0.252206809583859,0,0,0,0,0,0,2,0,0,0,0,0,0,0,0,0,0,0,0,0,2,0,0,0,0,0,0,0,0,0,0,"23"
"2303520201",3,8,3,3,3,0,0,0,0,1.33928571428571,0,0,0,0,0,0,3,0,0,0,0,0,0,0,0,0,0,0,0,0,1,0,0,0,0,0,0,0,0,0,0,"23"
"2303520301",1,2,0,0,0,0,0,0,0,0,0,0,0,0,0,0,0,0,0,0,0,0,0,0,0,0,0,0,0,0,0,0,0,0,0,0,0,0,0,0,0,"23"
"2303520401",2,6,0,0,0,0,0,0,0,0,0,0,0,0,0,0,0,0,0,0,0,0,0,0,0,0,0,0,0,0,0,0,0,0,0,0,0,0,0,0,0,"23"
"2304010101",20,90,16,15,1,0,14,0,0,1.76678445229682,0,0,0,0,0,0,1,0,0,0,0,0,0,0,0,14,0,0,0,0,1,0,0,12,9,0,0,0,0,0,0,"23"
"2304010201",12,62,11,11,0,0,11,0,0,2.59433962264151,0,0,0,0,0,0,0,0,0,0,0,0,0,0,0,11,0,0,0,0,0,0,0,0,0,0,0,0,0,0,0,"23"
"2304010401",1,2,0,0,0,0,0,0,0,0,0,0,0,0,0,0,0,0,0,0,0,0,0,0,0,0,0,0,0,0,0,0,0,0,0,0,0,0,0,0,0,"23"
"2304010501",8,13,3,3,3,0,0,0,0,0.980392156862745,0,0,0,0,0,0,3,0,0,0,0,0,0,0,0,0,0,0,0,0,2,0,3,0,0,0,0,0,0,0,0,"23"
"2304010601",4,19,1,1,0,0,1,0,0,0.159235668789809,0,0,0,0,0,0,0,0,0,0,0,0,0,0,0,1,0,0,0,0,0,0,0,1,1,0,0,0,0,0,0,"23"
"2304010701",0,0,0,0,0,0,0,0,0,0,0,0,0,0,0,0,0,0,0,0,0,0,0,0,0,0,0,0,0,0,0,0,0,0,0,0,0,0,0,0,0,"23"
"2304010801",2,7,2,2,0,0,2,0,0,1.25,0,0,0,0,0,0,0,0,0,0,0,0,0,0,0,2,0,0,0,0,0,0,0,0,0,0,0,0,0,0,0,"23"
"2304020101",20,91,6,6,1,1,4,0,0,1.36986301369863,0,0,0,0,0,0,1,0,0,0,1,0,0,0,0,4,0,0,0,0,0,1,0,0,1,0,0,0,0,0,0,"23"
"2304020201",20,68,9,9,1,2,6,0,0,3.10344827586207,0,0,0,0,0,1,1,2,0,0,0,0,0,0,0,3,0,0,3,0,3,4,1,8,8,0,0,0,0,1,0,"23"
"2304020301",49,148,34,33,13,19,4,0,0,8.16831683168317,0,0,0,1,1,3,12,4,3,0,14,3,3,0,0,4,0,0,0,11,7,1,21,14,17,3,3,3,0,1,1,"23"
"2304020401",48,159,56,51,7,47,4,0,0,9.6958174904943,0,0,0,0,1,5,6,9,0,0,40,1,1,0,3,0,1,0,0,7,4,0,35,1,3,1,0,0,0,3,3,"23"
"2304020501",16,77,18,17,2,2,13,0,0,5.82191780821918,0,0,0,0,1,2,1,0,0,0,2,0,4,0,0,11,3,0,0,5,6,0,12,5,7,3,0,0,0,1,1,"23"
"2304020601",0,0,0,0,0,0,0,0,0,0,0,0,0,0,0,0,0,0,0,0,0,0,0,0,0,0,0,0,0,0,0,0,0,0,0,0,0,0,0,0,0,"23"
"2304030101",24,87,16,16,4,0,12,0,0,1.61616161616162,0,0,0,0,0,0,4,0,0,0,0,0,0,0,0,12,0,0,0,0,0,0,11,3,5,0,0,0,0,0,0,"23"
"2304030201",4,14,4,4,0,0,4,0,0,0.97323600973236,0,0,0,0,0,0,0,0,0,0,0,0,0,0,0,4,0,0,0,0,0,0,0,0,4,0,0,0,0,0,0,"23"
"2304030301",10,31,4,4,0,0,4,0,0,1.10803324099723,0,0,0,0,0,0,0,0,0,0,0,0,0,0,0,4,0,0,0,0,0,0,0,0,0,0,0,0,0,0,0,"23"
"2304030401",4,17,3,3,0,0,3,0,0,0.949367088607595,0,0,0,0,0,0,0,0,0,0,0,0,0,0,0,3,0,0,0,0,0,0,0,3,3,0,0,0,0,0,0,"23"
"2304030501",27,92,20,19,11,0,8,0,0,6.85920577617329,0,0,0,11,0,0,0,0,0,0,0,0,0,0,0,8,0,0,0,0,0,2,4,6,10,0,0,0,0,0,0,"23"
"2304030601",6,27,4,4,0,0,4,0,0,1.36986301369863,0,0,0,0,0,0,0,0,0,0,0,0,0,0,0,4,0,0,0,0,0,0,2,2,1,0,0,0,0,0,0,"23"
"2304030701",6,26,9,8,0,0,8,0,0,1.68421052631579,0,0,0,0,0,0,0,0,0,0,0,0,0,0,0,8,0,0,0,0,0,0,0,0,0,0,0,0,0,0,0,"23"
"2304040101",2,8,1,1,0,0,1,0,0,0.20746887966805,0,0,0,0,0,0,0,0,0,0,0,0,0,0,0,1,0,0,0,0,0,0,0,0,0,0,0,0,0,0,0,"23"
"2304040201",0,0,0,0,0,0,0,0,0,0,0,0,0,0,0,0,0,0,0,0,0,0,0,0,0,0,0,0,0,0,0,0,0,0,0,0,0,0,0,0,0,"23"
"2304040301",3,12,2,2,0,0,2,0,0,0.651465798045603,0,0,0,0,0,0,0,0,0,0,0,0,0,0,0,2,0,0,0,0,0,0,0,0,0,0,0,0,0,0,0,"23"
"2304040401",0,0,0,0,0,0,0,0,0,0,0,0,0,0,0,0,0,0,0,0,0,0,0,0,0,0,0,0,0,0,0,0,0,0,0,0,0,0,0,0,0,"23"
"2304040501",0,0,0,0,0,0,0,0,0,0,0,0,0,0,0,0,0,0,0,0,0,0,0,0,0,0,0,0,0,0,0,0,0,0,0,0,0,0,0,0,0,"23"
"2304050101",10,27,4,4,4,0,0,0,0,1.10497237569061,0,0,0,0,0,0,4,0,0,0,0,0,0,0,0,0,0,0,0,0,2,0,0,0,2,0,0,0,0,0,0,"23"
"2304050201",7,16,8,8,4,0,4,0,0,2.11081794195251,0,0,0,0,0,0,4,0,0,0,0,0,0,0,0,4,0,0,0,0,2,0,0,0,3,0,0,0,0,0,0,"23"
"2304050301",18,47,4,3,0,0,3,0,0,0.3125,0,0,0,0,0,0,0,0,0,0,0,0,0,0,0,3,0,0,0,0,0,0,1,1,1,0,0,0,0,0,0,"23"
"2304050401",5,18,6,6,1,0,5,0,0,2.9126213592233,0,0,0,0,0,0,1,0,0,0,0,0,0,0,0,5,0,0,0,0,1,0,1,0,0,0,0,0,0,0,0,"23"
"2304050501",11,28,6,5,4,0,1,0,0,1.15207373271889,0,0,0,0,0,0,4,0,0,0,0,0,0,0,0,1,0,0,0,0,1,0,2,1,1,0,0,0,0,0,0,"23"
"2304510101",5,7,2,2,2,0,0,0,0,0.50761421319797,0,0,0,0,0,0,2,0,0,0,0,0,0,0,0,0,0,0,0,0,2,0,1,0,0,0,0,0,0,0,0,"23"
"2304510201",4,6,5,4,4,0,0,0,0,1.45454545454545,0,0,0,0,0,0,4,0,0,0,0,0,0,0,0,0,0,0,0,0,4,0,3,0,0,0,0,0,0,0,0,"23"
"2304510301",3,5,3,3,3,0,0,0,0,1,0,0,0,0,0,0,3,0,0,0,0,0,0,0,0,0,0,0,0,0,3,0,3,0,0,0,0,0,0,0,0,"23"
"2304510401",3,3,2,2,2,0,0,0,0,0.775193798449612,0,0,0,0,0,0,2,0,0,0,0,0,0,0,0,0,0,0,0,0,2,0,2,0,0,0,0,0,0,0,0,"23"
"2304510501",5,7,2,1,1,0,0,0,0,0.364963503649635,0,0,0,0,0,0,1,0,0,0,0,0,0,0,0,0,0,0,0,0,1,0,1,0,0,0,0,0,0,0,0,"23"
"2304510701",3,5,3,3,1,0,2,0,0,0.923076923076923,0,0,0,0,0,0,1,0,0,0,0,0,0,0,0,0,0,0,2,0,1,0,1,0,0,0,0,0,0,0,0,"23"
"2304510901",10,14,5,5,5,0,0,0,0,1.30548302872063,0,0,0,0,0,0,5,0,0,0,0,0,0,0,0,0,0,0,0,1,5,0,4,0,0,0,0,0,0,0,0,"23"
"2304511001",7,11,8,8,6,0,2,0,0,1.77777777777778,0,0,0,0,0,0,6,0,0,0,0,0,0,0,0,0,0,0,2,2,6,0,6,0,0,0,0,0,0,0,0,"23"
"2304511101",8,16,9,9,9,0,0,0,0,4.76190476190476,0,0,0,0,0,0,9,0,0,0,0,0,0,0,0,0,0,0,0,4,7,0,9,0,0,0,0,0,0,0,0,"23"
"2305010101",1,2,0,0,0,0,0,0,0,0,0,0,0,0,0,0,0,0,0,0,0,0,0,0,0,0,0,0,0,0,0,0,0,0,0,0,0,0,0,0,0,"23"
"2305010201",0,0,0,0,0,0,0,0,0,0,0,0,0,0,0,0,0,0,0,0,0,0,0,0,0,0,0,0,0,0,0,0,0,0,0,0,0,0,0,0,0,"23"
"2305010301",0,0,0,0,0,0,0,0,0,0,0,0,0,0,0,0,0,0,0,0,0,0,0,0,0,0,0,0,0,0,0,0,0,0,0,0,0,0,0,0,0,"23"
"2305010401",0,0,0,0,0,0,0,0,0,0,0,0,0,0,0,0,0,0,0,0,0,0,0,0,0,0,0,0,0,0,0,0,0,0,0,0,0,0,0,0,0,"23"
"2305010501",0,0,0,0,0,0,0,0,0,0,0,0,0,0,0,0,0,0,0,0,0,0,0,0,0,0,0,0,0,0,0,0,0,0,0,0,0,0,0,0,0,"23"
"2305010601",2,8,2,2,1,0,1,0,0,0.655737704918033,0,0,0,0,0,0,1,0,0,0,0,0,0,0,0,0,0,0,1,1,0,0,0,0,0,0,0,0,0,0,0,"23"
"2305010701",1,5,0,0,0,0,0,0,0,0,0,0,0,0,0,0,0,0,0,0,0,0,0,0,0,0,0,0,0,0,0,0,0,0,0,0,0,0,0,0,0,"23"
"2305020101",38,186,61,57,0,21,43,0,0,6.04453870625663,0,0,0,0,0,0,0,21,0,0,5,0,0,0,0,43,0,0,0,1,1,0,2,1,35,0,0,0,0,0,0,"23"
"2305020201",2,8,1,0,0,0,0,0,0,0,0,0,0,0,0,0,0,0,0,0,0,0,0,0,0,0,0,0,0,0,0,0,0,0,0,0,0,0,0,0,0,"23"
"2305020301",10,43,13,10,0,2,8,0,0,1.74216027874564,0,0,0,0,0,0,0,2,0,0,0,0,0,0,0,8,0,0,0,0,0,0,2,2,7,0,0,0,0,0,0,"23"
"2305020401",0,0,0,0,0,0,0,0,0,0,0,0,0,0,0,0,0,0,0,0,0,0,0,0,0,0,0,0,0,0,0,0,0,0,0,0,0,0,0,0,0,"23"
"2305030101",2,6,2,2,0,0,2,0,0,0.505050505050505,0,0,0,0,0,0,0,0,0,0,0,0,0,0,0,2,0,0,0,0,0,0,0,0,0,0,0,0,0,0,0,"23"
"2305030201",0,0,0,0,0,0,0,0,0,0,0,0,0,0,0,0,0,0,0,0,0,0,0,0,0,0,0,0,0,0,0,0,0,0,0,0,0,0,0,0,0,"23"
"2305030301",0,0,0,0,0,0,0,0,0,0,0,0,0,0,0,0,0,0,0,0,0,0,0,0,0,0,0,0,0,0,0,0,0,0,0,0,0,0,0,0,0,"23"
"2305030401",0,0,0,0,0,0,0,0,0,0,0,0,0,0,0,0,0,0,0,0,0,0,0,0,0,0,0,0,0,0,0,0,0,0,0,0,0,0,0,0,0,"23"
"2305030501",0,0,0,0,0,0,0,0,0,0,0,0,0,0,0,0,0,0,0,0,0,0,0,0,0,0,0,0,0,0,0,0,0,0,0,0,0,0,0,0,0,"23"
"2305030601",0,0,0,0,0,0,0,0,0,0,0,0,0,0,0,0,0,0,0,0,0,0,0,0,0,0,0,0,0,0,0,0,0,0,0,0,0,0,0,0,0,"23"
"2305030701",0,0,0,0,0,0,0,0,0,0,0,0,0,0,0,0,0,0,0,0,0,0,0,0,0,0,0,0,0,0,0,0,0,0,0,0,0,0,0,0,0,"23"
"2305030801",0,0,0,0,0,0,0,0,0,0,0,0,0,0,0,0,0,0,0,0,0,0,0,0,0,0,0,0,0,0,0,0,0,0,0,0,0,0,0,0,0,"23"
"2305070101",0,0,0,0,0,0,0,0,0,0,0,0,0,0,0,0,0,0,0,0,0,0,0,0,0,0,0,0,0,0,0,0,0,0,0,0,0,0,0,0,0,"23"
"2305070201",0,0,0,0,0,0,0,0,0,0,0,0,0,0,0,0,0,0,0,0,0,0,0,0,0,0,0,0,0,0,0,0,0,0,0,0,0,0,0,0,0,"23"
"2305070301",0,0,0,0,0,0,0,0,0,0,0,0,0,0,0,0,0,0,0,0,0,0,0,0,0,0,0,0,0,0,0,0,0,0,0,0,0,0,0,0,0,"23"
"2305070401",0,0,0,0,0,0,0,0,0,0,0,0,0,0,0,0,0,0,0,0,0,0,0,0,0,0,0,0,0,0,0,0,0,0,0,0,0,0,0,0,0,"23"
"2305070501",0,0,0,0,0,0,0,0,0,0,0,0,0,0,0,0,0,0,0,0,0,0,0,0,0,0,0,0,0,0,0,0,0,0,0,0,0,0,0,0,0,"23"
"2305070601",0,0,0,0,0,0,0,0,0,0,0,0,0,0,0,0,0,0,0,0,0,0,0,0,0,0,0,0,0,0,0,0,0,0,0,0,0,0,0,0,0,"23"
"2305070701",0,0,0,0,0,0,0,0,0,0,0,0,0,0,0,0,0,0,0,0,0,0,0,0,0,0,0,0,0,0,0,0,0,0,0,0,0,0,0,0,0,"23"
"2305070801",0,0,0,0,0,0,0,0,0,0,0,0,0,0,0,0,0,0,0,0,0,0,0,0,0,0,0,0,0,0,0,0,0,0,0,0,0,0,0,0,0,"23"
"2305510101",11,59,16,13,0,0,13,0,0,2.68041237113402,0,0,0,0,0,0,0,0,0,0,0,0,0,0,0,13,0,0,0,0,0,0,0,0,4,0,0,0,0,0,0,"23"
"2305510201",0,0,0,0,0,0,0,0,0,0,0,0,0,0,0,0,0,0,0,0,0,0,0,0,0,0,0,0,0,0,0,0,0,0,0,0,0,0,0,0,0,"23"
"2305510301",3,12,0,0,0,0,0,0,0,0,0,0,0,0,0,0,0,0,0,0,0,0,0,0,0,0,0,0,0,0,0,0,0,0,0,0,0,0,0,0,0,"23"
"2305510401",1,8,0,0,0,0,0,0,0,0,0,0,0,0,0,0,0,0,0,0,0,0,0,0,0,0,0,0,0,0,0,0,0,0,0,0,0,0,0,0,0,"23"
"2305510501",5,22,5,5,0,0,5,0,0,4.0650406504065,0,0,0,0,0,0,0,0,0,0,0,0,0,0,0,5,0,0,0,0,0,0,0,0,4,0,0,0,0,0,0,"23"
"2306010101",11,41,1,1,0,0,1,0,0,0.436681222707424,0,0,0,0,0,0,0,0,0,0,0,0,0,0,0,1,0,0,1,0,0,0,0,1,1,0,0,0,0,0,0,"23"
"2306010201",6,18,1,1,0,0,1,0,0,0.571428571428571,0,0,0,0,0,0,0,0,0,0,0,0,0,0,0,1,0,0,0,0,0,0,0,0,0,0,0,0,0,0,0,"23"
"2306020101",18,76,4,4,0,0,4,0,0,0.873362445414847,0,0,0,0,0,0,0,0,0,0,0,0,0,0,0,4,0,0,0,0,0,0,1,0,2,0,0,0,0,0,0,"23"
"2306020201",11,50,3,3,1,0,2,0,0,1.11111111111111,0,0,0,0,0,0,1,0,0,0,0,0,0,0,0,2,0,0,0,0,1,0,3,0,2,0,0,0,0,0,0,"23"
"2306020301",4,12,0,0,0,0,0,0,0,0,0,0,0,0,0,0,0,0,0,0,0,0,0,0,0,0,0,0,0,0,0,0,0,0,0,0,0,0,0,0,0,"23"
"2306020401",1,2,0,0,0,0,0,0,0,0,0,0,0,0,0,0,0,0,0,0,0,0,0,0,0,0,0,0,0,0,0,0,0,0,0,0,0,0,0,0,0,"23"
"2306020501",6,24,5,5,2,0,3,0,0,2.7027027027027,0,0,0,0,2,0,0,0,0,0,0,0,0,0,0,2,0,0,1,0,0,0,2,3,3,0,0,0,0,0,0,"23"
"2306020601",8,33,4,4,0,0,4,0,0,1.51515151515152,0,0,0,0,0,0,0,0,0,0,0,0,0,0,0,0,0,0,4,0,2,0,0,4,2,0,0,0,0,0,0,"23"
"2307010101",2,5,0,0,0,0,0,0,0,0,0,0,0,0,0,0,0,0,0,0,0,0,0,0,0,0,0,0,0,0,0,0,0,0,0,0,0,0,0,0,0,"23"
"2307010201",1,2,0,0,0,0,0,0,0,0,0,0,0,0,0,0,0,0,0,0,0,0,0,0,0,0,0,0,0,0,0,0,0,0,0,0,0,0,0,0,0,"23"
"2307010301",3,11,0,0,0,0,0,0,0,0,0,0,0,0,0,0,0,0,0,0,0,0,0,0,0,0,0,0,0,0,0,0,0,0,0,0,0,0,0,0,0,"23"
"2307010401",8,24,2,2,0,0,2,0,0,0.182648401826484,0,0,0,0,0,0,0,0,0,0,0,0,0,0,0,1,0,0,1,0,0,0,0,0,1,0,0,0,0,1,0,"23"
"2307020101",3,7,0,0,0,0,0,0,0,0,0,0,0,0,0,0,0,0,0,0,0,0,0,0,0,0,0,0,0,0,0,0,0,0,0,0,0,0,0,0,0,"23"
"2307020201",0,0,0,0,0,0,0,0,0,0,0,0,0,0,0,0,0,0,0,0,0,0,0,0,0,0,0,0,0,0,0,0,0,0,0,0,0,0,0,0,0,"23"
"2307020301",2,7,1,0,0,0,0,0,0,0,0,0,0,0,0,0,0,0,0,0,0,0,0,0,0,0,0,0,0,0,0,0,0,0,0,0,0,0,0,0,0,"23"
"2307020401",10,51,3,3,0,0,3,0,0,1.01351351351351,0,0,0,0,0,0,0,0,0,0,0,0,0,0,0,3,0,0,0,0,0,0,0,0,1,0,0,0,0,0,0,"23"
"2307020501",9,36,6,5,0,0,5,0,0,2.35849056603774,0,0,0,0,0,0,0,0,0,0,0,0,0,0,0,5,0,0,0,0,1,0,0,0,2,0,0,0,0,0,0,"23"
