"village_ID","poor.household.CNT","poor.JPT.CNT","poor.JPT.MOFreg.CNT","poor.JPT.MOFval.CNT","poor.JPT.MOFval.health","poor.JPT.MOFval.living","poor.JPT.MOFval.education","poor.JPT.MOFval.income","poor.JPT.MOFval.accessibility","JPT.MOFval.pov.rate","poor.JPT.MOFval.ind1.CNT","poor.JPT.MOFval.ind2.CNT","poor.JPT.MOFval.ind3.CNT","poor.JPT.MOFval.ind4.CNT","poor.JPT.MOFval.ind5.CNT","poor.JPT.MOFval.ind6.CNT","poor.JPT.MOFval.ind7.CNT","poor.JPT.MOFval.ind8.CNT","poor.JPT.MOFval.ind9.CNT","poor.JPT.MOFval.ind10.CNT","poor.JPT.MOFval.ind11.CNT","poor.JPT.MOFval.ind12.CNT","poor.JPT.MOFval.ind13.CNT","poor.JPT.MOFval.ind14.CNT","poor.JPT.MOFval.ind15.CNT","poor.JPT.MOFval.ind16.CNT","poor.JPT.MOFval.ind17.CNT","poor.JPT.MOFval.ind18.CNT","poor.JPT.MOFval.ind19.CNT","poor.JPT.MOFval.ind20.CNT","poor.JPT.MOFval.ind21.CNT","poor.JPT.MOFval.ind22.CNT","poor.JPT.MOFval.ind23.CNT","poor.JPT.MOFval.ind24.CNT","poor.JPT.MOFval.ind25.CNT","poor.JPT.MOFval.ind26.CNT","poor.JPT.MOFval.ind27.CNT","poor.JPT.MOFval.ind28.CNT","poor.JPT.MOFval.ind29.CNT","poor.JPT.MOFval.ind30.CNT","poor.JPT.MOFval.ind31.CNT","province_ID"
"6301050101",64,200,69,48,5,31,14,3,0,7.20720720720721,0,0,0,0,5,0,0,0,0,0,31,0,0,0,0,14,0,0,0,3,0,0,44,16,11,0,0,0,0,0,0,"63"
"6301050201",9,32,12,9,0,0,7,2,0,3.13588850174216,0,0,0,0,0,0,0,0,0,0,0,0,0,0,0,7,0,0,0,0,2,0,1,3,2,0,0,0,0,0,0,"63"
"6301050301",13,60,15,10,0,0,10,0,0,1.60513643659711,0,0,0,0,0,0,0,0,0,0,0,0,0,0,0,10,0,0,0,0,0,0,0,4,0,0,0,0,0,0,0,"63"
"6301050401",18,62,21,16,0,2,10,4,0,4.76190476190476,0,0,0,0,0,0,0,0,0,0,2,0,0,0,0,7,0,0,3,0,0,4,3,4,10,0,0,0,0,0,0,"63"
"6301050501",2,7,2,1,0,0,1,0,0,0.636942675159236,0,0,0,0,0,0,0,0,0,0,0,0,0,0,0,1,0,0,0,0,0,0,0,0,0,0,0,0,0,0,0,"63"
"6301050601",5,22,6,5,0,0,5,0,0,3.42465753424658,0,0,0,0,0,0,0,0,0,0,0,0,0,0,0,5,0,0,0,0,0,0,0,2,3,0,0,0,0,0,0,"63"
"6301050701",14,26,8,7,0,4,3,0,0,2.02312138728324,0,0,0,0,0,0,0,0,0,0,4,0,0,0,0,3,0,0,0,0,0,0,2,3,0,0,0,0,0,0,0,"63"
"6301050801",17,73,21,17,0,0,17,1,0,2.93103448275862,0,0,0,0,0,0,0,0,0,0,0,0,0,0,0,17,0,0,0,0,0,1,11,14,12,0,0,0,0,0,0,"63"
"6301060101",84,280,100,83,15,9,21,57,0,6.93979933110368,0,0,0,0,10,30,6,0,0,0,9,1,37,2,0,16,0,0,6,15,46,1,19,32,29,3,0,2,0,0,0,"63"
"6301060201",30,100,28,21,1,2,6,14,0,4.72972972972973,0,0,0,0,0,3,1,0,0,0,2,0,0,0,0,5,0,0,1,6,13,0,9,6,14,0,0,0,0,0,0,"63"
"6301060301",116,299,116,98,70,0,7,56,0,22.5287356321839,0,0,0,2,55,0,14,0,0,0,0,0,0,0,0,7,0,0,0,23,40,2,93,43,44,0,0,0,0,0,0,"63"
"6301060401",14,48,17,15,1,0,6,8,0,5.15463917525773,0,0,0,0,0,0,1,0,0,0,0,0,0,0,0,6,0,0,0,3,3,2,15,7,3,0,0,0,0,0,0,"63"
"6301060501",38,116,32,19,4,1,10,5,0,2.84857571214393,0,0,0,2,0,1,2,0,0,0,1,0,0,0,0,9,0,0,1,1,3,1,0,6,9,0,0,0,0,0,0,"63"
"6301060601",66,200,43,41,7,0,16,32,0,4.01960784313725,0,0,0,0,3,1,4,0,0,0,0,0,0,0,0,5,0,0,11,10,22,0,36,31,20,4,0,0,0,0,3,"63"
"6301060701",151,364,95,70,28,19,9,29,0,6.38103919781221,0,0,0,2,24,25,4,0,4,4,19,1,35,0,0,4,0,0,5,17,10,2,20,40,24,2,0,0,0,0,1,"63"
"6301060801",15,55,20,11,0,0,11,2,0,5.21327014218009,0,0,0,0,0,0,0,0,0,0,0,0,0,0,0,6,0,0,5,0,2,0,1,7,4,0,0,0,0,0,0,"63"
"6301060901",14,48,17,12,3,0,1,8,0,7.14285714285714,0,0,0,0,0,0,3,0,0,0,0,0,0,0,0,1,0,0,0,4,4,0,0,4,4,0,0,0,0,0,0,"63"
"6301070101",15,71,17,11,0,0,9,2,0,1.40485312899106,0,0,0,0,0,11,0,0,0,0,0,0,0,0,0,9,0,0,0,0,0,2,0,2,3,0,0,0,0,0,0,"63"
"6301070201",24,93,22,15,0,2,6,7,0,2.10378681626928,0,0,0,0,0,15,0,0,0,0,2,0,0,0,0,6,0,0,0,0,1,6,0,10,10,0,0,0,0,0,0,"63"
"6301070301",32,137,43,26,0,3,24,1,0,2.37010027347311,0,0,0,0,0,25,0,0,0,3,0,0,0,0,0,24,0,0,0,0,0,1,0,13,10,0,0,0,0,0,0,"63"
"6301070401",7,31,11,10,0,0,10,0,0,2.5974025974026,0,0,0,0,0,5,0,0,0,0,0,0,0,0,0,10,0,0,0,0,0,0,0,3,1,0,0,0,0,0,0,"63"
"6301070501",86,270,90,65,35,57,1,2,0,14.9082568807339,0,0,0,0,35,2,0,0,0,0,57,11,1,0,0,1,0,0,0,0,0,2,0,30,16,11,0,0,0,0,0,"63"
"6301070601",49,192,56,43,11,21,16,4,0,4.84234234234234,0,0,0,0,11,15,0,0,0,0,21,0,3,0,0,16,0,0,0,0,0,4,4,16,21,0,0,0,0,0,0,"63"
"6301070701",8,45,9,8,0,0,7,1,0,2.49221183800623,0,0,0,0,0,8,0,0,0,0,0,0,0,0,0,7,0,0,0,0,1,0,0,6,5,0,0,0,0,0,0,"63"
"6301070801",33,100,59,50,24,29,9,0,0,24.1545893719807,0,0,0,0,24,0,0,0,0,0,29,0,0,0,0,9,0,0,0,0,0,0,0,26,17,0,0,0,0,0,0,"63"
"6301070901",10,35,13,13,0,0,10,5,0,3.26633165829146,0,0,0,0,0,13,0,0,0,0,0,2,0,0,0,10,0,0,0,0,0,5,0,7,5,0,0,0,0,0,0,"63"
"6301071001",24,65,23,21,2,10,11,0,0,6.70926517571885,0,0,0,0,2,4,0,0,0,0,10,1,0,0,0,11,0,0,0,0,0,0,0,9,5,0,0,0,0,0,0,"63"
"6301071101",12,46,15,13,0,0,13,0,0,3.7463976945245,0,0,0,0,0,10,0,0,0,0,0,0,0,0,0,13,0,0,0,0,0,0,0,7,2,0,0,0,0,0,0,"63"
"6301071201",6,25,2,2,0,0,2,0,0,0.527704485488127,0,0,0,0,0,2,0,0,0,0,0,0,0,0,0,2,0,0,0,0,0,0,0,1,1,0,0,0,0,0,0,"63"
"6301071301",3,17,3,2,0,0,1,1,0,0.598802395209581,0,0,0,0,0,2,0,0,0,0,0,0,0,0,0,1,0,0,0,0,0,1,0,0,0,0,0,0,0,0,0,"63"
"6301071401",8,33,12,8,0,0,8,0,0,2.09424083769634,0,0,0,0,0,8,0,0,0,0,0,0,0,0,0,8,0,0,0,0,0,0,0,6,4,0,0,0,0,0,0,"63"
"6301080101",102,386,102,71,22,7,23,34,0,6.64794007490637,0,0,0,0,5,15,17,0,0,2,5,0,3,0,0,14,0,0,9,17,21,0,33,34,41,0,0,0,0,3,5,"63"
"6301080201",35,122,37,28,3,0,16,16,0,5.04504504504505,0,0,0,2,0,5,1,0,0,0,0,0,0,0,0,15,0,0,1,13,6,0,0,13,7,0,0,0,0,0,0,"63"
"6301080301",202,695,216,166,145,99,11,11,0,19.6682464454976,0,0,0,2,144,0,2,3,0,0,97,0,0,0,0,11,0,0,0,7,4,0,165,39,31,0,0,0,0,0,0,"63"
"6301080401",30,96,22,15,1,0,12,5,0,2.9126213592233,0,0,0,0,0,8,1,0,0,0,0,0,0,0,0,8,0,0,4,2,2,1,0,7,6,0,0,0,0,0,0,"63"
"6301080501",18,63,17,15,3,2,4,9,0,2.36220472440945,0,0,0,0,1,2,2,0,0,0,2,0,0,0,0,4,0,0,0,4,5,0,4,3,4,0,0,0,0,0,0,"63"
"6301080601",16,35,8,5,1,1,0,4,0,1.66112956810631,0,0,0,1,0,0,0,0,0,0,1,0,0,0,0,0,0,0,0,1,3,0,3,0,0,0,0,0,0,0,0,"63"
"6301080701",67,209,65,34,6,8,16,15,0,4.92040520984081,0,0,0,0,6,7,0,0,0,0,8,0,1,0,0,11,0,0,5,12,4,0,15,23,19,0,0,0,0,0,0,"63"
"6301080801",102,320,75,61,5,20,16,50,0,10.6830122591944,0,0,0,0,3,18,2,0,0,0,20,0,3,1,0,15,0,0,1,33,24,0,37,27,23,1,0,0,0,1,3,"63"
"6301080901",80,332,96,86,21,51,14,38,0,10.4878048780488,0,0,0,2,11,24,8,0,0,0,51,0,14,3,0,10,2,0,2,22,17,0,73,36,40,0,0,0,0,0,3,"63"
"6301081001",181,540,116,102,50,73,18,38,0,8.71794871794872,0,0,0,9,46,12,6,8,0,0,71,4,18,0,0,14,0,0,4,13,29,0,81,41,31,1,0,0,0,0,3,"63"
"6301081101",106,300,51,44,18,21,5,30,0,7.43243243243243,0,0,0,5,15,24,4,0,0,0,21,3,11,1,0,5,0,0,0,20,18,1,13,16,13,9,5,1,0,3,7,"63"
"6301090101",9,28,11,9,2,0,5,2,0,2.11764705882353,0,0,0,0,0,0,2,0,0,0,0,0,0,0,0,5,0,0,0,0,2,0,0,1,1,0,0,0,0,0,0,"63"
"6301090201",9,27,7,5,1,0,3,1,0,1.10132158590308,0,0,0,0,1,1,0,0,0,0,0,0,1,0,0,3,0,0,0,0,0,1,0,1,1,0,0,0,0,0,0,"63"
"6301090301",12,49,12,5,0,0,5,0,0,0.714285714285714,0,0,0,0,0,0,0,0,0,0,0,0,0,0,0,5,0,0,0,0,0,0,0,0,1,0,0,0,0,0,0,"63"
"6301090401",15,57,12,7,2,3,3,1,0,1.20689655172414,0,0,0,0,2,0,0,1,0,0,2,2,0,0,0,3,0,0,0,1,0,0,0,1,3,0,0,0,0,0,0,"63"
"6301090501",19,61,14,11,1,0,9,1,0,1.23180291153415,0,0,0,0,0,0,1,0,0,0,0,0,0,0,0,9,0,0,0,0,0,1,9,1,4,0,0,0,0,0,0,"63"
"6301090601",16,47,15,13,0,0,4,9,0,1.0586319218241,0,0,0,0,0,0,0,0,0,0,0,0,0,0,0,4,0,0,0,3,8,1,0,7,8,0,0,0,0,0,0,"63"
"6301090701",0,0,0,0,0,0,0,0,0,0,0,0,0,0,0,0,0,0,0,0,0,0,0,0,0,0,0,0,0,0,0,0,0,0,0,0,0,0,0,0,0,"63"
"6301090801",13,48,11,9,0,0,6,4,0,3.04054054054054,0,0,0,0,0,0,0,0,0,0,0,0,0,0,0,6,0,0,0,0,4,1,0,3,1,0,0,0,0,0,0,"63"
"6301090901",29,88,40,37,2,0,19,18,0,7.19844357976654,0,0,0,1,1,6,1,0,0,0,0,0,0,0,1,8,2,0,9,4,14,0,13,17,15,4,0,0,0,0,0,"63"
"6301091001",5,22,8,6,0,0,6,1,0,3.09278350515464,0,0,0,0,0,6,0,0,0,0,0,0,0,0,0,5,1,0,0,1,0,0,3,5,5,0,0,0,0,0,0,"63"
"6301091101",9,32,7,6,1,0,5,0,0,2.23048327137546,0,0,0,0,1,0,0,0,0,0,0,0,0,0,0,5,0,0,0,0,0,0,0,1,0,0,0,0,0,0,0,"63"
"6301091201",2,9,1,1,0,0,1,0,0,0.275482093663912,0,0,0,0,0,0,0,0,0,0,0,0,0,0,0,1,0,0,0,0,0,0,0,0,1,0,0,0,0,0,0,"63"
"6301091301",9,39,10,6,0,0,4,2,0,1.80722891566265,0,0,0,0,0,0,0,0,0,0,0,0,0,0,0,4,0,0,0,0,2,0,0,0,0,0,0,0,0,0,0,"63"
"6301110101",14,32,12,7,5,0,2,0,0,2.75590551181102,0,0,0,1,3,1,2,0,0,0,0,0,7,0,0,2,0,0,0,0,0,0,0,0,0,0,0,0,0,0,0,"63"
"6301110201",18,70,15,11,1,10,7,4,0,4.97737556561086,0,0,0,0,1,10,0,0,0,0,10,0,11,0,0,7,0,0,0,0,4,0,0,10,8,0,0,0,0,0,2,"63"
"6301110301",92,269,78,52,39,23,9,8,0,11.6071428571429,0,0,0,2,38,9,2,0,0,12,13,0,18,0,0,8,0,0,1,3,8,0,13,19,29,0,0,0,0,0,10,"63"
"6301110401",60,178,56,45,8,6,12,29,0,8.25688073394496,0,0,0,0,6,11,2,6,0,0,5,0,0,0,0,6,0,0,6,9,20,0,7,21,9,1,0,0,0,1,2,"63"
"6301110501",109,497,156,146,120,146,50,32,0,29.3762575452716,0,0,0,22,120,23,0,144,0,2,111,0,14,18,0,33,0,0,17,4,30,0,48,27,33,8,0,0,0,2,28,"63"
"6301110601",84,376,154,141,92,141,39,8,0,37.5,0,0,0,0,92,45,0,141,0,0,70,0,1,0,0,33,0,0,6,0,7,1,141,20,12,0,0,0,0,0,58,"63"
"6301110701",114,582,174,168,76,168,99,44,0,28.6689419795222,0,0,0,21,66,105,3,163,17,15,73,4,34,5,1,36,0,0,75,22,27,4,86,88,69,53,0,0,0,3,67,"63"
"6301110801",68,263,106,87,9,38,13,57,0,16.0220994475138,0,0,0,0,8,14,1,2,2,3,34,3,0,0,0,12,0,0,1,4,29,31,29,38,56,0,0,0,0,0,50,"63"
"6301110901",45,129,34,29,11,0,12,9,0,6.29067245119306,0,0,0,0,4,5,7,0,0,0,0,0,0,0,0,12,0,0,0,4,7,0,0,12,17,0,0,0,0,0,1,"63"
"6301111001",129,501,170,149,136,148,85,41,0,29.7405189620758,0,0,0,6,135,35,1,146,1,0,110,0,4,0,0,27,0,0,66,27,21,0,60,38,36,29,0,0,0,0,30,"63"
"6301111101",51,147,44,35,1,5,4,28,0,5.82362728785358,0,0,0,0,0,15,1,0,0,0,5,0,10,0,0,3,0,0,1,4,24,2,16,15,16,0,0,0,0,0,2,"63"
"6301111201",49,149,45,34,13,5,9,12,0,5.66666666666667,0,0,0,1,8,10,4,0,0,0,5,0,15,0,0,8,0,0,2,3,9,1,4,11,8,2,0,0,0,0,2,"63"
"6301111301",65,311,74,70,55,69,40,7,0,22.508038585209,0,0,0,27,47,30,1,68,7,14,49,0,14,0,0,15,0,0,29,3,4,0,40,46,28,48,0,0,0,0,25,"63"
"6301120101",15,36,8,5,4,0,1,0,0,1.27877237851662,0,0,0,0,0,0,4,0,0,0,0,0,0,0,0,1,0,0,0,0,0,0,1,0,0,0,0,0,0,0,0,"63"
"6301120201",101,274,81,64,11,30,7,26,0,13.2780082987552,0,0,0,0,1,22,10,3,0,0,29,0,3,0,0,7,0,0,0,6,19,1,4,11,17,2,0,0,0,3,5,"63"
"6301120301",11,40,20,17,0,0,12,5,0,3.18352059925094,0,0,0,0,0,0,0,0,0,0,0,0,0,0,0,12,0,0,0,0,0,5,13,10,11,0,0,0,0,0,0,"63"
"6301120401",22,95,19,15,0,0,2,15,0,8.15217391304348,0,0,0,0,0,0,0,0,0,0,0,0,0,0,0,2,0,0,0,12,3,0,3,13,11,0,0,0,0,1,1,"63"
"6301120501",48,204,87,72,3,0,23,51,0,12.5435540069686,0,0,0,0,0,45,3,0,0,0,0,0,0,0,0,22,0,0,1,19,34,1,8,44,42,0,0,0,0,0,0,"63"
"6301120601",69,192,75,58,30,44,5,27,0,19.6610169491525,0,0,0,3,30,50,0,1,0,0,44,0,6,0,0,1,0,0,4,6,16,9,9,30,35,1,0,0,0,2,5,"63"
"6301120701",64,234,79,57,9,41,5,22,0,14.6153846153846,0,0,0,0,8,2,5,3,0,0,40,0,3,0,0,5,0,0,0,8,17,0,30,19,24,5,0,0,0,2,12,"63"
"6301130101",38,127,43,30,1,0,10,23,0,4.77707006369427,0,0,0,0,0,13,1,0,0,0,0,0,0,0,0,9,0,0,1,8,15,2,3,9,8,12,0,0,0,0,0,"63"
"6301130201",81,312,103,79,6,0,18,62,0,7.29455216989843,0,0,0,0,0,15,6,0,0,0,0,0,0,0,1,12,0,0,5,27,43,0,24,18,10,2,0,0,0,0,0,"63"
"6301130301",32,105,29,25,3,1,7,15,0,6.20347394540943,0,0,0,0,1,1,2,0,0,0,1,2,0,0,0,3,0,0,4,0,15,0,5,10,5,5,0,0,0,0,8,"63"
"6301130401",45,159,62,45,2,0,4,43,0,10.4651162790698,0,0,0,0,2,5,0,0,0,0,0,0,0,0,0,2,0,0,2,23,21,0,7,36,31,2,0,0,0,0,0,"63"
"6301130501",41,112,47,40,0,14,10,21,0,8.35073068893528,0,0,0,0,0,20,0,0,0,14,2,0,0,0,0,1,0,0,9,7,13,1,11,17,20,11,0,0,0,0,0,"63"
"6301130601",72,264,52,39,2,0,5,34,0,4.47247706422018,0,0,0,0,0,0,2,0,0,0,0,0,0,0,0,5,0,0,0,21,20,0,31,10,10,0,0,0,0,0,0,"63"
"6301130701",57,142,42,29,22,0,2,23,0,7.53246753246753,0,0,0,0,5,3,17,0,0,0,0,0,0,0,0,1,0,0,1,8,15,1,16,13,7,0,0,0,0,0,0,"63"
"6301140101",153,409,157,126,59,91,9,6,0,13.3900106269926,0,0,0,57,2,13,0,0,10,10,81,46,20,1,0,9,0,0,0,0,6,0,50,58,56,1,0,0,0,0,0,"63"
"6301140201",17,72,15,11,0,0,11,0,0,2.16962524654832,0,0,0,0,0,0,0,0,0,0,0,0,0,0,0,11,0,0,0,0,0,0,7,0,0,0,0,0,0,0,0,"63"
"6301140301",23,109,31,26,0,0,26,0,0,2.43445692883895,0,0,0,0,0,0,0,0,0,0,0,0,0,0,0,26,0,0,0,0,0,0,2,0,0,0,0,0,0,0,0,"63"
"6301140401",11,60,20,18,0,0,18,0,0,2.4390243902439,0,0,0,0,0,0,0,0,0,0,0,0,0,0,0,18,0,0,0,0,0,0,17,0,0,0,0,0,0,0,0,"63"
"6301140501",12,52,22,21,0,0,21,0,0,4.24242424242424,0,0,0,0,0,0,0,0,0,0,0,0,0,0,0,21,0,0,0,0,0,0,18,0,0,0,0,0,0,0,0,"63"
"6301140601",16,64,15,13,0,0,13,0,0,1.94029850746269,0,0,0,0,0,0,0,0,0,0,0,0,0,0,0,13,0,0,0,0,0,0,13,0,0,0,0,0,0,0,0,"63"
"6301140701",5,19,5,4,0,0,4,0,0,0.809716599190283,0,0,0,0,0,0,0,0,0,0,0,0,0,0,0,4,0,0,0,0,0,0,4,0,0,0,0,0,0,0,0,"63"
"6301140801",8,29,10,9,0,4,5,0,0,4.05405405405405,0,0,0,0,0,0,0,0,0,0,4,0,0,0,0,5,0,0,0,0,0,0,0,5,3,0,0,0,0,0,0,"63"
"6301140901",44,160,62,41,0,20,25,0,0,6.01173020527859,0,0,0,0,0,0,0,0,0,0,20,0,0,0,0,25,0,0,0,0,0,0,0,31,21,0,0,0,0,0,0,"63"
"6301141001",1,6,2,2,0,0,2,0,0,0.790513833992095,0,0,0,0,0,0,0,0,0,0,0,0,0,0,0,2,0,0,0,0,0,0,2,0,0,0,0,0,0,0,0,"63"
"6301141101",32,167,50,46,0,0,46,0,0,4.27906976744186,0,0,0,0,0,0,0,0,0,0,0,0,0,0,0,46,0,0,0,0,0,0,42,0,0,0,0,0,0,0,0,"63"
"6301141201",68,296,121,109,53,43,46,32,0,13.6079900124844,0,0,0,51,50,69,0,14,5,3,38,9,7,0,0,37,3,0,7,18,21,0,18,75,64,3,2,0,0,0,0,"63"
"6301141301",17,75,29,29,0,0,29,0,0,6.20985010706638,0,0,0,0,0,0,0,0,0,0,0,0,0,0,0,29,0,0,0,0,0,0,29,0,0,0,0,0,0,0,0,"63"
"6301141401",29,163,44,41,0,0,41,0,0,4.37100213219616,0,0,0,0,0,0,0,0,0,0,0,0,0,0,0,41,0,0,0,0,0,0,41,0,0,0,0,0,0,0,0,"63"
"6301150101",194,509,241,132,2,131,7,11,0,25.3358925143954,0,0,0,0,0,121,2,0,113,131,0,0,0,0,0,6,0,0,1,2,9,0,1,54,36,26,0,0,0,0,0,"63"
"6301150201",180,532,216,151,0,149,6,10,0,26.9642857142857,0,0,0,0,0,148,0,0,149,149,0,0,1,0,0,6,0,0,0,0,6,4,1,82,78,17,0,0,0,0,0,"63"
"6301150301",110,325,105,67,0,67,2,4,0,20.5521472392638,0,0,0,0,0,65,0,0,34,67,0,0,0,0,0,2,0,0,0,1,3,0,2,21,19,0,0,0,0,0,0,"63"
"6301150401",153,420,148,93,0,93,2,4,0,21.7798594847775,0,0,0,0,0,90,0,0,93,93,0,0,0,0,0,2,0,0,0,0,4,0,9,45,33,28,0,0,0,0,0,"63"
"6301150501",83,266,111,88,1,68,31,0,0,15.6305506216696,0,0,0,0,1,80,0,0,67,68,0,0,0,0,0,30,0,0,1,0,0,0,0,43,28,0,0,0,0,0,0,"63"
"6301150601",103,306,115,52,0,52,5,4,0,16.5079365079365,0,0,0,0,0,51,0,0,52,52,0,0,0,0,0,5,0,0,0,1,3,0,0,29,17,0,0,0,0,0,0,"63"
"6301150701",168,479,139,97,2,97,8,8,0,19.5959595959596,0,0,0,0,0,93,2,0,97,97,6,0,0,0,0,7,0,0,1,2,6,0,1,34,34,0,0,0,0,0,0,"63"
"6301150801",60,196,58,40,0,40,3,7,0,20.4081632653061,0,0,0,0,0,40,0,0,40,40,0,0,0,0,0,3,0,0,0,1,6,2,0,29,21,0,0,0,0,0,0,"63"
"6301510101",130,391,140,122,21,7,14,113,0,20.7130730050934,0,0,0,0,7,20,15,4,0,0,4,0,1,0,2,8,0,0,4,67,46,61,67,33,26,4,18,3,11,6,4,"63"
"6301510201",198,566,173,149,28,54,17,131,0,18.2374541003672,0,0,0,0,11,68,22,3,0,0,53,0,11,1,0,3,2,0,14,74,71,59,82,67,34,12,0,0,0,8,42,"63"
"6301510301",225,662,195,172,61,57,8,146,0,18.0293501048218,0,0,0,15,26,45,30,9,0,0,48,3,22,4,0,5,0,0,3,51,56,101,95,72,70,47,3,0,1,21,34,"63"
"6301510401",39,118,40,34,1,3,4,29,0,5.24691358024691,0,0,0,0,0,6,1,1,1,1,3,2,2,0,0,3,0,0,1,6,13,16,10,13,9,3,0,0,0,4,1,"63"
"6301510501",82,222,63,49,20,1,6,43,0,7.07070707070707,2,2,2,0,0,0,18,0,0,0,1,0,0,0,0,6,0,0,0,4,10,39,34,10,12,0,0,0,0,2,0,"63"
"6301510601",63,199,61,52,10,21,10,42,0,9.70149253731343,0,2,0,2,6,24,2,2,0,0,19,3,4,0,0,10,0,0,0,13,20,33,14,22,15,12,1,0,0,1,5,"63"
"6301510701",50,172,44,35,1,0,7,34,0,8.97435897435897,0,0,0,0,0,1,1,0,0,0,0,0,0,0,0,7,0,0,0,0,2,32,35,0,0,0,0,2,0,0,0,"63"
"6301510801",125,371,64,52,5,12,11,44,0,7.00808625336927,0,0,0,3,4,43,1,4,0,1,12,1,10,0,0,2,0,0,9,23,22,38,20,16,7,8,0,0,0,7,11,"63"
"6301510901",54,134,29,22,4,0,2,19,0,4.52674897119342,0,0,0,0,0,7,4,0,0,0,0,1,0,0,0,2,0,0,0,1,3,16,18,2,0,0,0,0,0,0,0,"63"
"6301511001",75,224,55,47,4,13,9,39,0,11.4914425427873,0,0,0,0,2,12,2,0,0,0,13,2,11,0,0,9,0,0,0,10,10,29,25,15,16,1,0,0,0,7,6,"63"
"6301511101",103,261,68,55,14,11,11,48,0,9.16666666666667,0,0,0,3,9,12,8,2,0,0,10,6,17,1,0,5,0,0,6,18,24,22,19,9,15,6,0,0,0,6,9,"63"
"6301511201",153,410,130,103,10,17,19,96,0,16.9129720853859,0,0,0,1,7,84,2,1,0,0,17,0,10,0,0,11,0,0,8,28,46,79,81,30,29,17,0,0,0,24,0,"63"
"6301511301",173,525,168,130,36,10,20,118,0,15.5688622754491,0,0,0,0,32,124,6,0,0,0,10,0,0,0,0,15,0,0,5,34,77,62,53,53,37,9,0,0,0,26,0,"63"
"6301511401",44,125,23,23,0,0,6,18,0,3.77668308702791,0,0,0,0,0,0,0,0,0,0,0,0,0,0,1,5,0,0,0,8,1,10,4,0,0,0,1,0,6,0,0,"63"
"6301511501",165,476,90,73,8,36,8,49,0,10.7828655834564,0,0,0,6,1,64,2,35,0,0,3,8,1,0,0,7,0,0,1,14,34,10,9,27,22,1,0,0,0,2,0,"63"
"6301511601",84,278,88,72,16,28,5,50,0,12.9496402877698,0,0,0,1,12,2,5,2,0,0,26,5,4,0,0,5,0,0,0,22,16,25,45,19,15,1,0,0,0,4,16,"63"
"6302010101",10,39,15,11,0,0,11,0,0,2.81329923273657,0,0,0,0,0,0,0,0,0,0,0,0,0,0,0,11,0,0,0,0,0,0,2,3,6,0,0,0,0,0,0,"63"
"6302010201",7,37,8,8,0,0,8,0,0,2.8673835125448,0,0,0,0,0,0,0,0,0,0,0,0,0,0,0,8,0,0,0,0,0,0,3,0,2,0,0,0,0,0,0,"63"
"6302010301",3,13,6,6,0,0,6,0,0,4.13793103448276,0,0,0,0,0,0,0,0,0,0,0,0,0,0,0,6,0,0,0,0,0,0,0,0,0,0,0,0,0,0,0,"63"
"6302010401",0,0,0,0,0,0,0,0,0,0,0,0,0,0,0,0,0,0,0,0,0,0,0,0,0,0,0,0,0,0,0,0,0,0,0,0,0,0,0,0,0,"63"
"6302010501",0,0,0,0,0,0,0,0,0,0,0,0,0,0,0,0,0,0,0,0,0,0,0,0,0,0,0,0,0,0,0,0,0,0,0,0,0,0,0,0,0,"63"
"6302010701",2,9,3,2,0,0,2,0,0,1.76991150442478,0,0,0,0,0,0,0,0,0,0,0,0,0,0,0,2,0,0,0,0,0,0,0,2,0,0,0,0,0,0,0,"63"
"6302010801",3,12,1,0,0,0,0,0,0,0,0,0,0,0,0,0,0,0,0,0,0,0,0,0,0,0,0,0,0,0,0,0,0,0,0,0,0,0,0,0,0,"63"
"6302010901",3,8,3,3,0,0,3,0,0,0.702576112412178,0,0,0,0,0,0,0,0,0,0,0,0,0,0,0,3,0,0,0,0,0,0,0,0,0,0,0,0,0,0,0,"63"
"6302011001",15,68,26,21,0,0,21,0,0,3.98481973434535,0,0,0,0,0,0,0,0,0,0,0,0,0,0,0,21,0,0,0,0,0,0,15,4,3,0,0,0,0,0,0,"63"
"6302011101",9,45,18,12,0,0,12,0,0,2.13143872113677,0,0,0,0,0,0,0,0,0,0,0,0,0,0,0,12,0,0,0,0,0,0,9,3,0,0,0,0,0,0,0,"63"
"6302011201",7,25,13,8,0,0,8,0,0,2.04081632653061,0,0,0,0,0,0,0,0,0,0,0,0,0,0,0,8,0,0,0,0,0,0,2,0,0,0,0,0,0,0,0,"63"
"6302011301",0,0,0,0,0,0,0,0,0,0,0,0,0,0,0,0,0,0,0,0,0,0,0,0,0,0,0,0,0,0,0,0,0,0,0,0,0,0,0,0,0,"63"
"6302011501",6,30,11,9,0,0,9,0,0,2.45231607629428,0,0,0,0,0,0,0,0,0,0,0,0,0,0,0,9,0,0,0,0,0,0,0,2,2,0,0,0,0,0,0,"63"
"6302020101",9,37,8,7,0,0,6,1,0,2,0,0,0,0,0,0,0,0,0,0,0,0,0,0,0,6,0,0,0,0,1,0,0,0,2,0,0,0,0,0,0,"63"
"6302020201",11,31,10,4,0,0,3,1,0,1.42857142857143,0,0,0,0,0,0,0,0,0,0,0,0,0,0,0,3,0,0,0,1,0,1,1,4,2,0,0,0,0,0,0,"63"
"6302020301",17,74,15,9,0,0,7,2,0,2.33160621761658,0,0,0,0,0,0,0,0,0,0,0,0,0,0,0,7,0,0,0,0,2,0,0,1,0,0,0,0,0,0,0,"63"
"6302020401",8,19,7,4,0,0,4,0,0,2.04081632653061,0,0,0,0,0,0,0,0,0,0,0,0,0,0,0,4,0,0,0,0,0,0,0,0,0,0,0,0,0,0,0,"63"
"6302020501",4,11,3,3,1,0,1,1,0,1.44230769230769,0,0,0,1,0,0,0,0,0,0,0,0,0,0,0,1,0,0,0,0,1,0,1,0,0,0,0,0,0,0,0,"63"
"6302020601",12,40,6,3,0,0,3,0,0,0.78740157480315,0,0,0,0,0,0,0,0,0,0,0,0,0,0,0,3,0,0,0,0,0,0,0,0,0,0,0,0,0,0,0,"63"
"6302020701",6,14,8,6,0,0,1,5,0,1.50375939849624,0,0,0,0,0,0,0,0,0,0,0,0,0,0,0,1,0,0,0,0,5,0,0,1,1,0,0,0,0,0,0,"63"
"6302020801",3,13,7,2,0,0,2,0,0,0.740740740740741,0,0,0,0,0,0,0,0,0,0,0,0,0,0,0,2,0,0,0,0,0,0,0,0,0,0,0,0,0,0,0,"63"
"6302020901",9,29,16,13,0,0,11,2,0,3.59116022099448,0,0,0,0,0,0,0,0,0,0,0,0,0,0,0,11,0,0,0,1,1,0,2,0,0,0,0,0,0,0,0,"63"
"6302030101",17,56,17,13,0,1,12,0,0,2.92792792792793,0,0,0,0,0,0,0,0,0,0,1,0,0,0,0,12,0,0,0,0,0,0,0,0,0,0,0,0,0,0,0,"63"
"6302030201",11,35,11,10,0,1,7,2,0,2.04918032786885,0,0,0,0,0,0,0,1,0,0,0,0,0,0,0,7,0,0,0,2,0,0,0,0,0,0,0,0,0,0,0,"63"
"6302030301",13,27,11,8,1,2,6,4,0,2.35294117647059,0,0,0,0,0,0,1,0,0,0,2,0,0,0,0,4,0,0,2,2,2,0,0,0,0,0,0,0,0,0,0,"63"
"6302030401",13,66,27,21,1,2,19,0,0,3.55329949238579,0,0,0,1,0,0,0,0,0,0,2,0,0,0,0,19,0,0,0,0,0,0,18,0,0,0,0,0,0,0,0,"63"
"6302030501",6,28,12,7,0,0,7,0,0,2.25806451612903,0,0,0,0,0,0,0,0,0,0,0,0,0,0,0,7,0,0,0,0,0,0,7,0,0,0,0,0,0,0,0,"63"
"6302030601",6,27,11,6,0,0,6,0,0,1.64835164835165,0,0,0,0,0,0,0,0,0,0,0,0,0,0,0,6,0,0,0,0,0,0,6,0,0,0,0,0,0,0,0,"63"
"6302030701",5,23,7,6,0,0,6,0,0,2.23048327137546,0,0,0,0,0,0,0,0,0,0,0,0,0,0,0,6,0,0,0,0,0,0,3,0,0,0,0,0,0,0,0,"63"
"6302030801",1,4,1,0,0,0,0,0,0,0,0,0,0,0,0,0,0,0,0,0,0,0,0,0,0,0,0,0,0,0,0,0,0,0,0,0,0,0,0,0,0,"63"
"6302030901",4,11,4,4,0,0,4,0,0,0.8,0,0,0,0,0,0,0,0,0,0,0,0,0,0,0,4,0,0,0,0,0,0,1,0,0,0,0,0,0,0,0,"63"
"6302031001",9,29,8,6,1,0,5,0,0,1.69014084507042,0,0,0,0,1,0,0,0,0,0,0,0,0,0,0,5,0,0,0,0,0,0,2,0,2,0,0,0,0,0,0,"63"
"6302031101",7,21,12,10,0,0,8,2,0,2.94117647058824,0,0,0,0,0,0,0,0,0,0,0,0,0,0,0,8,0,0,0,0,2,0,0,0,0,0,0,0,0,0,0,"63"
"6302031201",3,7,3,3,0,0,1,2,0,1.29310344827586,0,0,0,0,0,0,0,0,0,0,0,0,0,0,0,1,0,0,0,0,2,0,0,0,0,0,0,0,0,0,0,"63"
"6302031301",9,38,16,10,0,0,10,0,0,2.8169014084507,0,0,0,0,0,0,0,0,0,0,0,0,0,0,0,10,0,0,0,0,0,0,1,0,0,0,0,0,0,0,0,"63"
"6302040101",13,57,16,10,0,0,2,8,0,3.32225913621263,0,0,0,0,0,0,0,0,0,0,0,0,0,0,0,1,0,0,1,0,8,0,0,0,0,0,0,0,0,0,0,"63"
"6302040201",6,21,5,3,0,0,1,2,0,1.28755364806867,0,0,0,0,0,0,0,0,0,0,0,0,0,0,0,0,0,0,1,0,2,0,0,0,0,0,0,0,0,0,0,"63"
"6302040301",9,29,13,7,0,0,3,4,0,1.4,0,0,0,0,0,0,0,0,0,0,0,0,0,0,0,3,0,0,0,0,4,0,0,7,5,0,0,0,0,0,0,"63"
"6302040401",15,53,20,14,0,0,2,13,0,5.6,0,0,0,0,0,0,0,0,0,0,0,0,0,0,0,2,0,0,0,4,13,0,0,0,0,0,0,0,0,0,0,"63"
"6302040501",6,23,11,5,0,0,3,2,0,2.8735632183908,0,0,0,0,0,0,0,0,0,0,0,0,0,0,0,3,0,0,0,0,2,0,0,0,0,0,0,0,0,0,0,"63"
"6302040601",2,8,4,4,0,0,3,1,0,6.77966101694915,0,0,0,0,0,0,0,0,0,0,0,0,0,0,0,3,0,0,0,0,1,0,0,0,0,0,0,0,0,0,0,"63"
"6302040701",19,56,25,14,0,0,0,14,0,5,0,0,0,0,0,1,0,0,0,0,0,0,0,0,0,0,0,0,0,0,14,0,0,6,3,0,0,0,0,0,0,"63"
"6302040801",2,12,2,2,0,0,0,2,0,1.53846153846154,0,0,0,0,0,0,0,0,0,0,0,0,0,0,0,0,0,0,0,0,2,0,0,0,0,0,0,0,0,0,0,"63"
"6302040901",8,30,5,3,0,0,0,3,0,1.53061224489796,0,0,0,0,0,0,0,0,0,0,0,0,0,0,0,0,0,0,0,0,3,0,0,0,0,0,0,0,0,0,0,"63"
"6302041001",9,28,7,4,0,0,0,4,0,1.3986013986014,0,0,0,0,0,0,0,0,0,0,0,0,0,0,0,0,0,0,0,0,4,0,0,0,0,0,0,0,0,0,0,"63"
"6302041101",6,29,9,7,0,0,7,0,0,1.59453302961276,0,0,0,0,0,0,0,0,0,0,0,0,0,0,0,7,0,0,0,0,0,0,0,1,2,0,0,0,0,0,0,"63"
"6302050101",47,194,74,65,1,0,25,43,0,12.5968992248062,0,0,0,1,0,19,0,0,0,0,0,0,0,0,0,25,0,0,2,16,29,4,13,32,29,0,0,0,0,0,0,"63"
"6302050201",46,148,71,53,0,0,14,43,0,14.4808743169399,0,0,0,0,0,0,0,0,0,0,0,0,0,0,0,14,0,0,0,15,28,3,3,15,27,0,0,0,0,0,0,"63"
"6302050301",28,135,38,28,2,2,14,13,0,4.22960725075529,0,0,0,0,2,0,0,2,0,0,0,0,0,0,0,14,0,0,0,9,4,2,25,6,8,6,0,0,0,0,0,"63"
"6302050401",11,56,10,8,0,0,5,3,0,1.71306209850107,0,0,0,0,0,0,0,0,0,0,0,0,0,0,0,5,0,0,0,0,1,2,0,4,6,0,0,0,0,0,0,"63"
"6302050501",73,249,126,78,1,0,14,71,0,15.6,0,0,0,0,0,20,1,0,0,0,0,0,0,0,0,14,0,0,0,14,58,0,6,11,6,0,0,0,0,0,0,"63"
"6302050601",52,143,77,58,11,0,5,55,0,14.6835443037975,0,0,0,0,0,33,11,0,0,0,0,0,0,0,0,3,0,0,2,12,46,0,6,18,23,0,0,0,0,0,0,"63"
"6302050701",70,262,78,47,2,0,3,44,0,8.71985157699443,0,0,0,0,0,2,2,0,0,0,0,0,0,0,0,3,0,0,0,9,41,0,3,17,16,0,0,0,0,0,0,"63"
"6302050801",26,111,49,39,0,0,10,29,0,10.3174603174603,0,0,0,0,0,0,0,0,0,0,0,0,0,0,0,10,0,0,0,19,13,0,0,18,17,0,0,0,0,0,0,"63"
"6302050901",42,113,53,37,5,0,4,34,0,10.8823529411765,0,0,0,0,0,0,5,0,0,0,0,0,0,0,0,4,0,0,0,11,26,0,0,13,11,0,0,0,0,0,0,"63"
"6302051001",62,277,121,90,5,0,10,82,0,15.4373927958834,0,0,0,4,0,2,1,0,0,0,0,0,0,0,0,10,0,0,0,23,72,0,13,26,31,0,0,0,0,0,0,"63"
"6302060101",26,81,46,36,2,0,12,24,0,8.10810810810811,0,0,0,0,0,17,2,0,0,0,0,0,0,0,0,8,0,0,4,5,20,1,7,9,17,0,0,0,0,0,0,"63"
"6302060201",33,102,54,35,1,0,22,17,0,8.04597701149425,0,0,0,0,0,0,1,0,0,0,0,0,0,0,0,12,0,0,10,8,13,0,9,12,10,0,0,0,0,0,0,"63"
"6302060301",38,113,62,46,0,0,13,34,0,13.8138138138138,0,0,0,0,0,0,0,0,0,0,0,0,0,0,0,13,0,0,0,9,27,0,17,12,13,0,0,0,0,0,0,"63"
"6302060401",6,19,9,9,0,0,8,1,0,5.48780487804878,0,0,0,0,0,4,0,0,0,0,0,0,0,0,0,6,0,0,2,1,0,0,0,3,3,0,0,0,0,0,0,"63"
"6302060501",39,156,73,51,0,3,23,39,0,14.8255813953488,0,0,0,0,0,4,0,0,0,0,3,0,3,0,0,11,0,0,16,26,18,0,9,14,16,3,0,0,0,3,3,"63"
"6302060601",33,100,58,35,0,0,13,29,0,15.3508771929825,0,0,0,0,0,0,0,0,0,0,0,0,0,0,0,11,0,0,2,5,24,0,0,11,12,0,0,0,0,0,0,"63"
"6302060701",49,159,81,61,5,4,11,56,0,21.6312056737589,0,0,0,4,0,46,1,0,0,0,4,0,0,0,0,10,0,0,1,18,47,0,7,34,18,2,0,0,0,0,2,"63"
"6302060801",14,56,19,16,0,0,16,0,0,11.5942028985507,0,0,0,0,0,16,0,0,0,0,0,0,0,0,0,6,0,0,11,0,0,0,6,14,11,0,0,0,0,0,0,"63"
"6302060901",6,31,13,7,0,0,7,0,0,1.95530726256983,0,0,0,0,0,0,0,0,0,0,0,0,0,0,0,7,0,0,0,0,0,0,0,4,4,0,0,0,0,0,0,"63"
"6302061001",42,127,66,42,0,1,18,26,0,8.76826722338205,0,0,0,0,0,11,0,0,0,0,1,0,0,0,0,12,0,0,6,8,20,0,0,1,1,0,0,0,0,0,0,"63"
"6302061101",36,100,41,29,28,0,2,9,0,29,0,0,0,0,28,0,0,0,0,0,0,0,0,0,0,2,0,0,0,0,2,7,13,1,1,0,0,0,0,0,0,"63"
"6302061201",45,128,73,51,4,0,12,37,0,15.987460815047,0,0,0,0,0,43,4,0,0,0,0,0,0,0,0,10,0,0,2,3,33,1,6,28,25,1,0,0,0,1,0,"63"
"6302070101",5,17,8,0,0,0,0,0,0,0,0,0,0,0,0,0,0,0,0,0,0,0,0,0,0,0,0,0,0,0,0,0,0,0,0,0,0,0,0,0,0,"63"
"6302070201",13,56,20,19,0,0,3,16,0,6.44067796610169,0,0,0,0,0,0,0,0,0,0,0,0,0,0,0,3,0,0,0,2,14,0,1,12,7,0,0,0,0,0,0,"63"
"6302070301",27,96,46,37,1,0,1,36,0,9.00243309002433,1,1,1,0,0,0,0,0,0,0,0,0,0,0,0,0,0,0,1,1,36,0,8,10,4,0,0,0,0,0,0,"63"
"6302070401",30,81,44,33,0,0,3,30,0,6.9327731092437,0,0,0,0,0,0,0,0,0,0,0,0,0,0,0,3,0,0,0,0,30,0,0,14,17,0,0,0,0,0,0,"63"
"6302070501",35,270,33,33,0,0,31,2,0,3.82387022016222,0,0,0,0,0,0,0,0,0,0,0,0,0,0,0,7,0,0,24,0,2,0,12,2,4,0,0,0,0,0,0,"63"
"6302070601",0,0,0,0,0,0,0,0,0,0,0,0,0,0,0,0,0,0,0,0,0,0,0,0,0,0,0,0,0,0,0,0,0,0,0,0,0,0,0,0,0,"63"
"6302070701",7,17,8,6,0,0,4,4,0,4.1958041958042,0,0,0,0,0,0,0,0,0,0,0,0,0,0,0,4,0,0,0,0,4,0,0,0,3,0,0,0,0,0,0,"63"
"6302070801",4,15,9,6,0,0,5,3,0,2.16606498194946,0,0,0,0,0,0,0,0,0,0,0,0,0,0,0,2,0,0,3,0,3,0,0,5,5,0,0,0,0,0,0,"63"
"6302070901",16,51,28,15,0,0,3,12,0,5.05050505050505,0,0,0,0,0,0,0,0,0,0,0,0,0,0,0,3,0,0,0,3,11,0,1,2,1,0,0,0,0,0,0,"63"
"6302520101",2,9,3,2,0,0,2,0,0,1.43884892086331,0,0,0,0,0,0,0,0,0,0,0,0,0,0,0,2,0,0,0,0,0,0,0,0,0,0,0,0,0,0,0,"63"
"6302520201",22,59,30,24,5,0,7,15,0,5.45454545454545,0,0,0,0,0,7,5,0,0,0,0,0,0,0,0,7,0,0,0,0,15,0,13,5,3,0,0,0,0,0,3,"63"
"6302520301",14,37,23,20,13,0,7,0,0,3.13971742543171,0,0,0,0,0,12,13,0,0,0,0,0,0,0,0,7,0,0,0,0,0,0,3,7,4,0,0,0,0,0,0,"63"
"6302520401",16,51,19,10,0,0,8,2,0,2.35294117647059,0,0,0,0,0,2,0,0,0,0,0,0,0,0,0,8,0,0,0,0,2,0,9,5,2,0,0,0,0,0,0,"63"
"6302520501",34,68,34,24,0,0,1,23,0,6.70391061452514,0,0,0,0,0,20,0,0,0,0,0,0,0,0,0,1,0,0,0,4,19,0,3,8,8,0,0,0,0,0,0,"63"
"6302520601",6,23,2,1,0,0,1,0,0,0.395256916996047,0,0,0,0,0,0,0,0,0,0,0,0,0,0,0,1,0,0,0,0,0,0,0,1,1,1,0,0,0,0,0,"63"
"6302520701",1,4,1,0,0,0,0,0,0,0,0,0,0,0,0,0,0,0,0,0,0,0,0,0,0,0,0,0,0,0,0,0,0,0,0,0,0,0,0,0,0,"63"
"6302520801",5,22,8,6,0,0,6,0,0,0.742574257425743,0,0,0,0,0,0,0,0,0,0,0,0,0,0,0,6,0,0,0,0,0,0,0,0,1,0,0,0,0,0,0,"63"
"6302520901",0,0,0,0,0,0,0,0,0,0,0,0,0,0,0,0,0,0,0,0,0,0,0,0,0,0,0,0,0,0,0,0,0,0,0,0,0,0,0,0,0,"63"
"6302521001",10,27,15,13,0,0,7,6,0,5.15873015873016,0,0,0,0,0,3,0,0,0,0,0,0,0,0,0,7,0,0,0,0,6,0,0,3,0,0,0,0,0,0,0,"63"
"6302521101",0,0,0,0,0,0,0,0,0,0,0,0,0,0,0,0,0,0,0,0,0,0,0,0,0,0,0,0,0,0,0,0,0,0,0,0,0,0,0,0,0,"63"
"6302521201",3,18,4,4,0,0,4,0,0,1.81818181818182,0,0,0,0,0,0,0,0,0,0,0,0,0,0,0,4,0,0,0,0,0,0,2,0,1,0,0,0,0,0,0,"63"
"6302521301",10,38,9,7,0,0,3,4,0,3.82513661202186,0,0,0,0,0,2,0,0,0,0,0,0,0,0,0,3,0,0,0,0,4,0,0,0,0,0,0,0,0,0,0,"63"
"6302521401",1,3,1,1,0,0,1,0,0,0.377358490566038,0,0,0,0,0,0,0,0,0,0,0,0,0,0,0,1,0,0,0,0,0,0,0,0,0,0,0,0,0,0,0,"63"
"6302521501",2,6,3,2,0,0,2,0,0,1.22699386503067,0,0,0,0,0,0,0,0,0,0,0,0,0,0,0,2,0,0,0,0,0,0,0,0,0,0,0,0,0,0,0,"63"
"6303010101",5,23,8,8,0,0,8,0,0,1.55038759689922,0,0,0,0,0,0,0,0,0,0,0,0,0,0,0,8,0,0,0,0,0,0,5,0,0,0,0,0,0,0,0,"63"
"6303010201",5,13,5,3,0,0,3,0,0,0.583657587548638,0,0,0,0,0,0,0,0,0,0,0,0,0,0,0,3,0,0,0,0,0,0,3,0,0,0,0,0,0,0,0,"63"
"6303010601",0,0,0,0,0,0,0,0,0,0,0,0,0,0,0,0,0,0,0,0,0,0,0,0,0,0,0,0,0,0,0,0,0,0,0,0,0,0,0,0,0,"63"
"6303010701",3,13,2,2,0,0,2,0,0,0.543478260869565,0,0,0,0,0,0,0,0,0,0,0,0,0,0,0,2,0,0,0,0,0,0,2,0,0,0,0,0,0,0,0,"63"
"6303020101",21,83,30,24,0,2,6,19,0,4.11663807890223,0,0,0,0,0,2,0,0,0,0,2,0,0,0,0,3,0,0,3,6,16,0,6,16,15,0,0,0,0,0,0,"63"
"6303020201",13,34,9,4,0,0,4,0,0,0.97799511002445,0,0,0,0,0,0,0,0,0,0,0,0,0,0,0,3,0,0,1,0,0,0,1,2,1,0,0,0,0,0,0,"63"
"6303020301",5,10,3,2,0,0,2,0,0,0.377358490566038,0,0,0,0,0,0,0,0,0,0,0,0,0,0,0,2,0,0,0,0,0,0,1,0,0,0,0,0,0,0,0,"63"
"6303020401",27,87,21,14,2,0,10,2,0,2.4390243902439,0,0,0,0,2,0,0,0,0,0,0,0,1,0,0,7,0,0,7,2,0,0,1,5,9,1,0,0,0,0,2,"63"
"6303020501",43,150,51,32,2,3,11,21,0,9.09090909090909,0,0,0,0,0,0,2,2,0,0,1,0,0,1,0,9,0,0,2,7,15,0,0,14,25,1,0,0,0,0,1,"63"
"6303020601",10,44,21,17,0,0,17,0,0,3.46938775510204,0,0,0,0,0,0,0,0,0,0,0,0,0,0,0,17,0,0,0,0,0,0,2,1,2,0,0,0,0,0,0,"63"
"6303020701",12,48,13,11,0,0,10,1,0,2.52293577981651,0,0,0,0,0,0,0,0,0,0,0,0,0,0,0,10,0,0,0,0,0,1,2,6,9,0,0,0,0,0,0,"63"
"6303030101",12,28,10,6,0,0,6,0,0,1.33037694013304,0,0,0,0,0,0,0,0,0,0,0,0,0,0,0,6,0,0,0,0,0,0,4,2,2,0,0,0,0,0,0,"63"
"6303030201",45,122,52,38,1,28,4,8,0,8.83720930232558,0,0,0,1,1,0,0,0,0,0,28,0,1,0,0,1,0,0,3,8,0,0,37,14,10,1,0,0,0,0,9,"63"
"6303030301",167,473,185,161,80,112,10,33,0,18.5270425776755,0,0,0,0,78,0,2,4,0,0,112,0,11,0,0,10,0,0,0,0,33,0,43,48,57,0,0,0,0,0,0,"63"
"6303030401",7,34,14,11,0,0,8,3,0,1.66414523449319,0,0,0,0,0,0,0,0,0,0,0,0,0,0,0,8,0,0,0,0,3,0,8,3,7,0,0,0,0,0,0,"63"
"6303030501",47,143,55,31,8,0,5,24,0,7.06150341685649,0,0,0,0,5,0,3,0,0,0,0,0,0,0,0,5,0,0,0,0,24,0,4,9,15,0,0,0,0,0,0,"63"
"6303030601",9,40,16,13,0,0,13,0,0,1.15044247787611,0,0,0,0,0,0,0,0,0,0,0,0,0,0,0,13,0,0,0,0,0,0,2,8,11,0,0,0,0,0,0,"63"
"6303030701",8,22,11,11,2,0,9,0,0,2.94117647058824,0,0,0,0,0,0,2,0,0,0,0,0,0,0,0,7,0,0,2,0,0,0,8,4,4,0,0,0,0,0,0,"63"
"6303030801",163,541,164,130,54,129,8,34,0,22.9681978798587,0,0,0,19,50,5,4,3,0,0,129,0,1,0,0,5,2,0,2,20,22,0,112,59,70,0,0,0,0,0,38,"63"
"6303030901",10,42,10,6,0,0,0,6,0,2.29885057471264,0,0,0,0,0,0,0,0,0,0,0,0,0,0,0,0,0,0,0,4,2,0,6,0,0,0,0,0,0,0,0,"63"
"6303031001",60,183,56,51,3,30,4,23,0,10.5809128630705,0,0,0,0,3,0,1,1,0,0,30,0,1,0,0,2,0,0,2,5,21,0,23,28,33,0,0,0,0,0,0,"63"
"6303031101",6,22,7,5,0,0,5,0,0,0.670241286863271,0,0,0,0,0,0,0,0,0,0,0,0,0,0,0,5,0,0,0,0,0,0,0,3,3,0,0,0,0,0,0,"63"
"6303031201",18,57,19,16,3,0,12,1,0,4.11311053984576,0,0,0,0,0,0,3,0,0,0,0,0,0,0,0,11,1,0,0,0,1,0,0,11,8,0,0,0,0,0,0,"63"
"6303040101",12,51,14,9,0,0,9,0,0,1.20160213618158,0,0,0,0,0,0,0,0,0,0,0,0,0,0,0,9,0,0,0,0,0,0,0,0,0,0,0,0,0,0,0,"63"
"6303040201",3,12,5,1,0,0,1,0,0,0.248756218905473,0,0,0,0,0,0,0,0,0,0,0,0,0,0,0,1,0,0,0,0,0,0,0,0,0,0,0,0,0,0,0,"63"
"6303040301",12,72,24,21,0,0,21,0,0,3.60824742268041,0,0,0,0,0,0,0,0,0,0,0,0,0,0,0,21,0,0,0,0,0,0,15,0,0,0,0,0,0,0,0,"63"
"6303040401",14,63,18,17,0,0,17,0,0,3.01418439716312,0,0,0,0,0,0,0,0,0,0,0,0,0,0,0,17,0,0,0,0,0,0,5,0,0,0,0,0,0,0,0,"63"
"6303040501",16,70,24,22,0,0,22,0,0,9.20502092050209,0,0,0,0,0,0,0,0,0,0,0,0,0,0,0,22,0,0,0,0,0,0,5,2,3,2,0,0,0,0,0,"63"
"6303050101",64,207,15,15,3,13,8,1,0,4.98338870431894,0,0,0,0,3,0,0,0,0,0,13,0,2,0,0,2,0,0,7,0,1,0,14,9,11,0,0,0,0,0,0,"63"
"6303050201",59,210,40,39,0,33,25,12,0,17.3333333333333,0,0,0,0,0,27,0,0,0,0,33,0,4,0,0,1,0,0,24,12,0,0,36,22,32,0,0,0,0,0,0,"63"
"6303050301",90,287,14,14,0,14,0,0,0,3.64583333333333,0,0,0,0,0,0,0,0,1,0,14,0,0,0,0,0,0,0,0,0,0,0,2,1,3,0,0,0,0,0,0,"63"
"6303050401",3,7,4,4,0,0,4,0,0,1.05263157894737,0,0,0,0,0,0,0,0,0,0,0,0,0,0,0,4,0,0,0,0,0,0,0,2,2,0,0,0,0,0,0,"63"
"6303050501",87,214,62,57,12,29,15,34,0,12.4454148471616,0,0,0,5,12,18,0,18,6,3,14,0,22,0,0,9,0,0,7,10,27,0,28,37,38,4,0,0,0,2,11,"63"
"6303060101",17,69,15,13,0,0,13,0,0,2.12071778140294,0,0,0,0,0,0,0,0,0,0,0,0,0,0,0,13,0,0,0,0,0,0,13,0,0,0,0,0,0,0,0,"63"
"6303060201",6,17,5,4,0,0,4,0,0,1.4336917562724,0,0,0,0,0,0,0,0,0,0,0,0,0,0,0,4,0,0,0,0,0,0,4,0,0,0,0,0,0,0,0,"63"
"6303060301",1,1,0,0,0,0,0,0,0,0,0,0,0,0,0,0,0,0,0,0,0,0,0,0,0,0,0,0,0,0,0,0,0,0,0,0,0,0,0,0,0,"63"
"6303060401",9,38,12,10,1,0,9,0,0,1.82481751824817,0,0,0,0,0,0,1,0,0,0,0,0,0,0,0,9,0,0,0,0,0,0,10,0,0,0,0,0,0,0,0,"63"
"6303060501",20,87,29,23,0,0,23,0,0,3.58255451713396,0,0,0,0,0,0,0,0,0,0,0,0,0,0,0,23,0,0,0,0,0,0,23,0,0,0,0,0,0,0,0,"63"
"6303060601",5,12,4,2,1,0,1,0,0,0.796812749003984,0,0,0,0,0,0,1,0,0,0,0,0,0,0,0,1,0,0,0,0,0,0,2,0,0,0,0,0,0,0,0,"63"
"6303060701",8,8,4,2,2,0,0,0,0,1.9047619047619,0,0,0,0,0,0,2,0,0,0,0,0,0,0,0,0,0,0,0,0,0,0,2,0,0,0,0,0,0,0,0,"63"
"6303060801",11,54,20,16,0,0,16,0,0,6.22568093385214,0,0,0,0,0,0,0,0,0,0,0,0,0,0,0,16,0,0,0,0,0,0,16,0,0,0,0,0,0,0,0,"63"
"6303060901",5,14,7,7,5,0,2,0,0,4.29447852760736,0,0,0,0,0,0,5,0,0,0,0,0,0,0,0,2,0,0,0,0,0,0,7,0,0,0,0,0,0,0,0,"63"
"6303061001",11,55,18,18,0,0,18,0,0,4.82573726541555,0,0,0,0,0,0,0,0,0,0,0,0,0,0,0,18,0,0,0,0,0,0,18,0,0,0,0,0,0,0,0,"63"
"6303510101",13,47,10,9,4,3,0,6,0,2.25,0,0,0,0,0,0,4,0,0,0,3,0,0,0,0,0,0,0,0,0,6,0,0,0,0,0,0,0,0,0,0,"63"
"6303510201",0,0,0,0,0,0,0,0,0,0,0,0,0,0,0,0,0,0,0,0,0,0,0,0,0,0,0,0,0,0,0,0,0,0,0,0,0,0,0,0,0,"63"
"6303510301",2,9,2,1,0,0,1,0,0,0.432900432900433,0,0,0,0,0,0,0,0,0,0,0,0,0,0,0,1,0,0,0,0,0,0,0,0,1,0,0,0,0,0,0,"63"
"6303510401",4,13,6,5,0,0,4,1,0,1.42857142857143,0,0,0,0,0,0,0,0,0,0,0,0,0,0,0,4,0,0,0,1,1,0,1,0,0,0,0,0,0,0,0,"63"
"6303510501",3,9,3,3,0,0,3,0,0,1.25523012552301,0,0,0,0,0,0,0,0,0,0,0,0,0,0,0,3,0,0,0,0,0,0,0,0,0,0,0,0,0,0,0,"63"
"6303510601",3,9,2,1,0,0,1,0,0,0.334448160535117,0,0,0,0,0,0,0,0,0,0,0,0,0,0,0,1,0,0,0,0,0,0,1,0,0,0,0,0,0,0,0,"63"
"6303510701",3,13,1,0,0,0,0,0,0,0,0,0,0,0,0,0,0,0,0,0,0,0,0,0,0,0,0,0,0,0,0,0,0,0,0,0,0,0,0,0,0,"63"
"6303510801",0,0,0,0,0,0,0,0,0,0,0,0,0,0,0,0,0,0,0,0,0,0,0,0,0,0,0,0,0,0,0,0,0,0,0,0,0,0,0,0,0,"63"
"6303510901",37,91,37,28,0,0,3,27,0,10.9803921568627,0,0,0,0,0,14,0,0,0,0,0,0,0,0,0,2,0,0,1,7,20,0,28,3,3,0,0,0,0,0,0,"63"
"6303511001",4,17,5,5,0,0,5,0,0,3.90625,0,0,0,0,0,0,0,0,0,0,0,0,0,0,0,5,0,0,0,0,0,0,2,0,0,0,0,0,0,0,0,"63"
"6304010101",1,5,3,2,0,0,0,2,0,0.389863547758285,0,0,0,0,0,0,0,0,0,0,0,0,0,0,0,0,0,0,0,0,2,0,0,0,0,0,0,0,0,0,0,"63"
"6304010201",3,9,2,2,0,0,2,0,0,0.392927308447937,0,0,0,0,0,0,0,0,0,0,0,0,0,0,0,2,0,0,0,0,0,0,2,0,0,0,0,0,0,0,0,"63"
"6304010202",18,59,10,7,0,0,7,0,0,1.21317157712305,0,0,0,0,0,0,0,0,0,0,0,0,0,0,0,7,0,0,0,0,0,0,0,0,0,0,0,0,0,0,0,"63"
"6304010301",3,7,2,2,0,0,1,1,0,1.37931034482759,0,0,0,0,0,0,0,0,0,0,0,0,0,0,0,1,0,0,0,0,0,1,2,0,0,0,0,0,0,0,0,"63"
"6304010302",5,14,2,2,0,0,2,0,0,0.346620450606586,0,0,0,0,0,0,0,0,0,0,0,0,0,0,0,2,0,0,0,0,0,0,2,0,0,0,0,0,0,0,0,"63"
"6304010401",19,61,5,4,0,0,3,1,0,0.415800415800416,0,0,0,0,0,0,0,0,0,0,0,0,0,0,0,3,0,0,0,0,0,1,0,0,0,0,0,0,0,0,0,"63"
"6304010402",7,17,4,3,0,0,2,1,0,0.700934579439252,0,0,0,0,0,0,0,0,0,0,0,0,0,0,0,2,0,0,0,0,0,1,3,0,0,0,0,0,0,0,0,"63"
"6304010501",5,21,1,1,0,0,1,0,0,0.409836065573771,0,0,0,0,0,0,0,0,0,0,0,0,0,0,0,1,0,0,0,0,0,0,1,0,0,0,0,0,0,0,0,"63"
"6304010601",3,9,3,3,0,0,3,0,0,2.5,0,0,0,0,0,0,0,0,0,0,0,0,0,0,0,3,0,0,0,0,0,0,0,0,0,0,0,0,0,0,0,"63"
"6304010602",8,32,6,5,0,0,4,1,0,1.08932461873638,0,0,0,0,0,0,0,0,0,0,0,0,0,0,0,4,0,0,0,0,0,1,5,0,0,0,0,0,0,0,0,"63"
"6304010603",6,16,5,5,0,0,3,2,0,1.04384133611691,0,0,0,0,0,0,0,0,0,0,0,0,0,0,0,3,0,0,0,0,0,2,5,0,0,0,0,0,0,0,0,"63"
"6304010701",0,0,0,0,0,0,0,0,0,0,0,0,0,0,0,0,0,0,0,0,0,0,0,0,0,0,0,0,0,0,0,0,0,0,0,0,0,0,0,0,0,"63"
"6304010801",2,7,1,0,0,0,0,0,0,0,0,0,0,0,0,0,0,0,0,0,0,0,0,0,0,0,0,0,0,0,0,0,0,0,0,0,0,0,0,0,0,"63"
"6304020101",1,2,0,0,0,0,0,0,0,0,0,0,0,0,0,0,0,0,0,0,0,0,0,0,0,0,0,0,0,0,0,0,0,0,0,0,0,0,0,0,0,"63"
"6304020102",69,224,49,37,0,0,6,31,0,5.48961424332344,0,0,0,0,0,0,0,0,0,0,0,0,0,0,0,6,0,0,0,5,26,0,13,4,2,0,0,0,0,0,0,"63"
"6304020201",11,42,13,12,3,0,9,0,0,1.9047619047619,0,0,0,0,3,0,0,0,0,0,0,0,0,0,0,9,0,0,0,0,0,0,0,12,0,0,0,0,0,0,0,"63"
"6304020202",101,306,94,70,0,0,3,67,0,10.6707317073171,0,0,0,0,0,0,0,0,0,0,0,0,0,0,0,3,0,0,0,3,67,0,23,2,2,0,0,0,0,0,0,"63"
"6304020203",44,160,79,70,0,0,13,61,0,16.4705882352941,0,0,0,0,0,0,0,0,0,0,0,0,0,0,0,13,0,0,0,0,61,1,25,20,19,0,0,0,0,0,0,"63"
"6304020301",3,10,1,1,0,0,1,0,0,0.2710027100271,0,0,0,0,0,0,0,0,0,0,0,0,0,0,0,1,0,0,0,0,0,0,1,0,0,0,0,0,0,0,0,"63"
"6304020302",1,2,2,1,0,0,0,1,0,0.290697674418605,0,0,0,0,0,0,0,0,0,0,0,0,0,0,0,0,0,0,0,0,0,1,1,0,0,0,0,0,0,0,0,"63"
"6304020303",43,154,49,41,0,0,8,34,0,10.0737100737101,0,0,0,0,0,0,0,0,0,0,0,0,0,0,0,8,0,0,0,0,34,0,21,2,2,0,0,0,0,0,0,"63"
"6304020401",18,43,8,8,0,0,8,0,0,0.975609756097561,0,0,0,0,0,0,0,0,0,0,0,0,0,0,0,8,0,0,0,0,0,0,0,0,0,0,0,0,0,0,0,"63"
"6304020501",5,20,6,7,0,0,7,0,0,3.43137254901961,0,0,0,0,0,0,0,0,0,0,0,0,0,0,0,7,0,0,0,0,0,0,1,0,0,0,0,0,0,0,0,"63"
"6304020502",18,80,27,22,3,0,15,4,0,2.27979274611399,0,0,0,0,0,0,3,0,0,0,0,0,0,0,0,15,0,0,0,0,2,2,10,4,5,0,0,0,0,0,0,"63"
"6304020601",4,16,3,3,0,0,3,0,0,0.45045045045045,0,0,0,0,0,0,0,0,0,0,0,0,0,0,0,3,0,0,0,0,0,0,3,0,0,0,0,0,0,0,0,"63"
"6304020602",64,234,85,64,2,0,16,60,0,17.877094972067,0,0,0,1,0,6,1,0,0,0,0,0,0,0,0,13,0,0,3,20,46,1,11,12,21,0,0,0,0,0,0,"63"
"6304020701",4,13,2,1,0,0,1,0,0,0.225225225225225,0,0,0,0,0,0,0,0,0,0,0,0,0,0,0,1,0,0,0,0,0,0,1,0,0,0,0,0,0,0,0,"63"
"6304020801",0,0,0,0,0,0,0,0,0,0,0,0,0,0,0,0,0,0,0,0,0,0,0,0,0,0,0,0,0,0,0,0,0,0,0,0,0,0,0,0,0,"63"
"6304020901",8,24,4,4,0,0,4,0,0,2.01005025125628,0,0,0,0,0,0,0,0,0,0,0,0,0,0,0,4,0,0,0,0,0,0,4,0,0,0,0,0,0,0,0,"63"
"6304020902",20,63,20,14,0,0,7,8,0,4.60526315789474,0,0,0,0,0,0,0,0,0,0,0,0,0,0,0,7,0,0,0,0,8,0,14,0,0,0,0,0,0,0,0,"63"
"6304030101",6,30,10,9,0,0,9,0,0,2.7027027027027,0,0,0,0,0,0,0,0,0,0,0,0,0,0,0,9,0,0,0,0,0,0,9,6,0,0,0,0,0,0,0,"63"
"6304030201",4,19,6,5,0,0,5,0,0,0.871080139372822,0,0,0,0,0,0,0,0,0,0,0,0,0,0,0,5,0,0,0,0,0,0,3,0,0,0,0,0,0,0,0,"63"
"6304030301",8,37,12,12,0,0,12,0,0,2.78422273781903,0,0,0,0,0,0,0,0,0,0,0,0,0,0,0,12,0,0,0,0,0,0,3,0,0,0,0,0,0,0,0,"63"
"6304030401",3,11,4,1,0,0,1,0,0,0.226244343891403,0,0,0,0,0,0,0,0,0,0,0,0,0,0,0,1,0,0,0,0,0,0,1,0,0,0,0,0,0,0,0,"63"
"6304030501",78,294,116,118,0,0,118,0,0,28.0952380952381,0,0,0,0,0,0,0,0,0,0,0,0,2,0,0,17,0,0,109,0,0,0,118,0,0,0,0,0,0,0,0,"63"
"6304030601",11,23,7,7,0,0,7,0,0,1.38613861386139,0,0,0,0,0,0,0,0,0,0,0,0,0,0,0,2,0,0,6,0,0,0,7,0,0,0,0,0,0,0,0,"63"
"6304030701",53,191,44,42,1,0,41,1,0,6.29685157421289,0,0,0,0,0,1,1,0,0,0,0,0,0,0,0,9,1,0,36,1,1,0,2,10,12,0,0,0,0,0,0,"63"
"6304030801",4,9,3,2,0,0,2,0,0,0.36697247706422,0,0,0,0,0,0,0,0,0,0,0,0,0,0,0,1,0,0,1,0,0,0,2,0,0,0,0,0,0,0,0,"63"
"6304030901",12,57,1,1,0,0,1,0,0,0.297619047619048,0,0,0,0,0,0,0,0,0,0,0,0,0,0,0,1,0,0,0,0,0,0,1,0,0,0,0,0,0,0,0,"63"
"6304031001",11,54,10,10,1,0,9,0,0,3.03951367781155,0,0,0,1,0,0,0,0,0,0,0,0,0,0,0,9,0,0,0,0,0,0,10,0,0,0,0,0,0,0,0,"63"
"6304031101",6,21,8,7,0,0,7,0,0,1.42276422764228,0,0,0,0,0,0,0,0,0,0,0,0,0,0,0,7,0,0,0,0,0,0,0,0,0,0,0,0,0,0,0,"63"
"6304031201",10,42,3,2,0,0,2,0,0,0.527704485488127,0,0,0,0,0,0,0,0,0,0,0,0,0,0,0,2,0,0,0,0,0,0,2,0,0,0,0,0,0,0,0,"63"
"6304031301",11,46,8,7,0,0,7,0,0,2.01729106628242,0,0,0,0,0,0,0,0,0,0,0,0,0,0,0,7,0,0,0,0,0,0,7,0,0,0,0,0,0,0,0,"63"
"6304031401",38,157,34,35,0,0,35,0,0,6.8359375,0,0,0,0,0,0,0,0,0,0,0,0,0,0,0,4,2,0,32,0,0,0,35,1,4,0,0,0,0,0,0,"63"
"6304040101",16,72,19,18,0,0,16,2,0,2.95081967213115,0,0,0,0,0,0,0,0,0,0,0,0,0,0,0,16,0,0,0,0,0,2,13,0,0,0,0,0,0,0,0,"63"
"6304040201",2,6,0,0,0,0,0,0,0,0,0,0,0,0,0,0,0,0,0,0,0,0,0,0,0,0,0,0,0,0,0,0,0,0,0,0,0,0,0,0,0,"63"
"6304040301",1,4,0,0,0,0,0,0,0,0,0,0,0,0,0,0,0,0,0,0,0,0,0,0,0,0,0,0,0,0,0,0,0,0,0,0,0,0,0,0,0,"63"
"6304040401",8,15,5,5,0,0,4,1,0,2.01612903225806,0,0,0,0,0,0,0,0,0,0,0,0,0,0,0,4,0,0,0,0,0,1,5,0,0,0,0,0,0,0,0,"63"
"6304040501",3,16,3,3,0,0,3,0,0,1.75438596491228,0,0,0,0,0,0,0,0,0,0,0,0,0,0,0,3,0,0,0,0,0,0,2,0,0,0,0,0,0,0,0,"63"
"6304040601",8,35,3,3,0,0,3,0,0,1.04895104895105,0,0,0,0,0,0,0,0,0,0,0,0,0,0,0,3,0,0,0,0,0,0,0,3,0,0,0,0,0,0,0,"63"
"6304040701",4,9,2,2,0,0,2,0,0,0.716845878136201,0,0,0,0,0,0,0,0,0,0,0,0,0,0,0,2,0,0,0,0,0,0,2,0,0,0,0,0,0,0,0,"63"
"6304040801",29,119,30,30,0,0,28,2,0,4.02144772117962,0,0,0,0,0,0,0,0,0,0,0,0,0,0,0,28,0,0,0,0,0,2,0,0,0,0,0,0,0,0,0,"63"
"6304040901",1,1,0,0,0,0,0,0,0,0,0,0,0,0,0,0,0,0,0,0,0,0,0,0,0,0,0,0,0,0,0,0,0,0,0,0,0,0,0,0,0,"63"
"6304041001",8,32,6,6,0,0,6,0,0,0.967741935483871,0,0,0,0,0,0,0,0,0,0,0,0,0,0,0,6,0,0,0,0,0,0,6,0,0,0,0,0,0,0,0,"63"
"6304041101",4,16,4,4,0,0,4,0,0,0.547945205479452,0,0,0,0,0,0,0,0,0,0,0,0,0,0,0,4,0,0,0,0,0,0,4,0,0,0,0,0,0,0,0,"63"
"6304041201",6,28,6,6,0,0,5,1,0,1.40845070422535,0,0,0,0,0,0,0,0,0,0,0,0,0,0,0,5,0,0,0,0,0,1,6,0,0,0,0,0,0,0,0,"63"
"6304041301",11,56,16,16,0,0,16,0,0,2.17687074829932,0,0,0,0,0,0,0,0,0,0,0,0,0,0,0,16,0,0,0,0,0,0,0,0,0,0,0,0,0,0,0,"63"
"6304050101",34,168,13,12,0,0,10,2,0,1.10091743119266,0,0,0,0,0,0,0,0,0,0,0,0,0,0,0,10,0,0,0,1,0,2,0,0,0,0,0,0,0,0,1,"63"
"6304050201",3,7,0,0,0,0,0,0,0,0,0,0,0,0,0,0,0,0,0,0,0,0,0,0,0,0,0,0,0,0,0,0,0,0,0,0,0,0,0,0,0,"63"
"6304050301",13,65,4,4,0,0,4,0,0,0.557103064066852,0,0,0,0,0,0,0,0,0,0,0,0,0,0,0,4,0,0,0,0,0,0,4,0,0,0,0,0,0,0,0,"63"
"6304050401",31,141,10,10,0,0,10,0,0,0.917431192660551,0,0,0,0,0,0,0,0,0,0,0,0,0,0,0,10,0,0,0,0,0,0,0,0,0,0,0,0,0,0,0,"63"
"6304050501",15,74,13,13,0,0,13,0,0,1.6839378238342,0,0,0,0,0,0,0,0,0,0,0,0,0,0,0,13,0,0,0,0,0,0,13,0,0,0,0,0,0,0,0,"63"
"6304060101",3,11,4,4,0,0,4,0,0,1.05540897097625,0,0,0,0,0,0,0,0,0,0,0,0,0,0,0,1,0,0,3,0,0,0,4,0,0,0,0,0,0,0,0,"63"
"6304060201",8,31,7,7,0,0,7,0,0,2.22222222222222,0,0,0,0,0,0,0,0,0,0,0,0,0,0,0,7,0,0,0,0,0,0,7,0,0,0,0,0,0,0,0,"63"
"6304060301",8,46,15,12,0,0,12,0,0,1.97044334975369,0,0,0,0,0,0,0,0,0,0,0,0,0,0,0,12,0,0,0,0,0,0,9,0,0,0,0,0,0,0,0,"63"
"6304060401",4,13,4,4,0,0,4,0,0,0.731261425959781,0,0,0,0,0,0,0,0,0,0,0,0,0,0,0,4,0,0,0,0,0,0,0,0,0,0,0,0,0,0,0,"63"
"6304060501",1,3,0,0,0,0,0,0,0,0,0,0,0,0,0,0,0,0,0,0,0,0,0,0,0,0,0,0,0,0,0,0,0,0,0,0,0,0,0,0,0,"63"
"6304060601",4,12,4,4,0,0,4,0,0,1.05540897097625,0,0,0,0,0,0,0,0,0,0,0,0,0,0,0,4,0,0,0,0,0,0,4,0,0,0,0,0,0,0,0,"63"
"6304060701",4,9,0,0,0,0,0,0,0,0,0,0,0,0,0,0,0,0,0,0,0,0,0,0,0,0,0,0,0,0,0,0,0,0,0,0,0,0,0,0,0,"63"
"6304060801",29,123,40,39,0,0,39,0,0,13.1313131313131,0,0,0,0,0,0,0,0,0,0,0,0,0,0,0,10,0,0,35,0,0,0,12,0,0,0,0,0,0,0,0,"63"
"6305010101",60,145,28,28,21,0,9,0,0,4.75382003395586,0,0,0,0,0,0,21,0,0,0,0,0,0,0,0,9,0,0,0,0,0,0,28,0,0,0,0,0,0,0,0,"63"
"6305010201",7,14,5,5,0,0,5,0,0,1.36986301369863,0,0,0,0,0,0,0,0,0,0,0,0,0,0,0,5,0,0,0,0,0,0,5,0,0,0,0,0,0,0,0,"63"
"6305010301",1,1,0,0,0,0,0,0,0,0,0,0,0,0,0,0,0,0,0,0,0,0,0,0,0,0,0,0,0,0,0,0,0,0,0,0,0,0,0,0,0,"63"
"6305010401",86,284,141,138,0,0,138,4,0,35.6589147286822,0,0,0,0,0,0,0,0,0,0,0,0,0,0,0,14,0,0,135,4,0,0,0,35,30,0,0,0,0,0,0,"63"
"6305010501",15,86,20,18,0,0,18,0,0,8.53080568720379,0,0,0,0,0,0,0,0,0,0,0,0,0,0,0,18,0,0,0,0,0,0,17,0,0,0,0,0,0,0,0,"63"
"6305010601",67,354,106,104,71,0,67,0,0,16.5605095541401,0,0,0,0,0,0,71,0,0,0,0,0,0,0,0,67,0,0,0,0,0,0,104,0,0,0,0,0,0,0,0,"63"
"6305010701",9,41,13,11,3,0,10,0,0,5.67010309278351,0,0,0,0,0,0,3,0,0,0,0,0,0,0,0,10,0,0,0,0,0,0,11,0,0,0,0,0,0,0,0,"63"
"6305010801",52,266,61,61,0,0,61,0,0,10.1328903654485,0,0,0,0,0,0,0,0,0,0,0,0,0,0,0,61,0,0,0,0,0,0,61,0,0,0,0,0,0,0,0,"63"
"6305010901",0,0,0,0,0,0,0,0,0,0,0,0,0,0,0,0,0,0,0,0,0,0,0,0,0,0,0,0,0,0,0,0,0,0,0,0,0,0,0,0,0,"63"
"6305020101",34,156,31,26,3,6,22,1,0,7.60233918128655,0,0,0,0,3,0,0,0,0,0,6,0,4,0,0,9,0,0,19,1,0,0,16,4,17,1,0,0,0,0,0,"63"
"6305020102",29,60,17,15,5,0,10,0,0,5.39568345323741,0,0,0,0,0,0,5,0,0,0,0,0,0,0,0,6,0,0,4,0,0,0,0,2,2,0,0,0,0,0,0,"63"
"6305020103",6,23,8,7,0,0,3,4,0,2.86885245901639,0,0,0,0,0,0,0,0,0,0,0,0,0,0,0,3,0,0,0,2,2,0,0,1,0,0,0,0,0,0,0,"63"
"6305020201",11,36,13,12,0,0,12,9,0,10,0,0,0,0,0,12,0,0,0,0,0,0,0,0,0,1,0,0,11,0,9,0,0,3,1,0,0,0,0,0,0,"63"
"6305020202",63,228,70,58,49,0,16,26,0,17.3652694610778,0,0,0,0,0,12,49,0,0,0,0,0,0,0,0,8,0,0,8,7,24,0,0,20,6,0,0,0,0,0,0,"63"
"6305020203",156,376,151,125,121,0,15,60,0,29.7619047619048,0,0,0,0,0,50,121,0,0,0,0,0,2,0,0,12,0,0,5,15,55,0,0,62,51,0,0,0,0,0,0,"63"
"6305020301",182,702,233,229,0,0,229,0,0,24.4397011739594,0,0,0,0,0,0,0,0,0,0,0,0,0,0,0,56,0,0,215,0,0,0,194,203,204,1,0,0,0,0,0,"63"
"6305020401",159,566,243,241,11,0,241,0,0,35.9165424739195,0,0,0,0,0,0,11,0,0,0,0,0,0,0,0,38,0,0,236,0,0,0,168,178,189,0,0,0,0,0,0,"63"
"6305020501",192,537,242,227,196,220,175,5,0,41.7279411764706,0,0,0,196,6,192,0,0,199,0,195,0,64,0,0,21,0,0,167,0,2,3,4,151,144,0,0,0,0,1,0,"63"
"6305020601",163,538,241,232,70,7,222,0,0,36.650868878357,0,0,0,0,0,0,70,5,7,7,4,0,1,0,0,42,0,0,211,0,0,0,27,147,201,0,0,0,0,0,0,"63"
"6305020701",221,695,321,310,289,310,231,20,0,44.4126074498567,0,0,0,289,0,270,0,0,271,3,305,0,19,0,0,44,0,0,218,0,20,0,33,193,221,0,0,0,0,0,0,"63"
"6305020801",211,733,310,292,263,156,247,12,0,38.5224274406332,0,0,0,262,56,261,0,1,139,0,58,0,12,0,0,14,0,0,245,0,10,2,20,176,210,0,0,0,0,0,0,"63"
"6305020901",117,394,103,96,51,0,66,0,0,15.5591572123177,0,0,0,0,0,0,51,0,0,0,0,0,0,0,0,3,0,0,64,0,0,0,77,28,73,0,0,0,0,0,0,"63"
"6305021001",128,462,184,180,69,0,144,0,0,28.4810126582279,0,0,0,0,0,0,69,0,0,0,0,0,0,0,0,47,0,0,117,0,0,0,72,114,128,0,0,0,0,0,0,"63"
"6305030101",133,511,195,189,10,2,189,0,0,24.7058823529412,0,0,0,8,7,0,0,0,0,0,2,0,0,0,0,23,0,0,177,0,0,0,36,63,71,1,0,0,0,0,0,"63"
"6305030201",170,501,115,106,0,0,106,0,0,12.6642771804062,0,0,0,0,0,0,0,0,0,0,0,0,0,0,0,29,0,0,99,0,0,0,11,3,5,0,0,0,0,0,0,"63"
"6305030301",61,327,69,68,1,0,67,0,0,6.62122687439143,0,0,0,1,0,0,0,0,0,0,0,0,0,0,0,64,0,0,7,0,0,0,68,0,0,0,0,0,0,0,0,"63"
"6305030401",203,604,190,189,0,0,189,0,0,28.5067873303167,0,0,0,0,0,0,0,0,0,0,0,0,0,0,0,18,0,0,188,0,0,0,0,0,0,0,0,0,0,0,0,"63"
"6305030501",159,514,191,183,0,0,183,0,0,33.0324909747292,0,0,0,0,0,0,0,0,0,0,0,0,0,0,0,26,0,0,183,0,0,0,16,8,15,0,0,0,0,0,0,"63"
"6305030601",36,150,44,41,0,0,41,0,0,8.08678500986193,0,0,0,0,0,0,0,0,0,0,0,0,0,0,0,26,0,0,15,0,0,0,3,4,3,0,0,0,0,0,0,"63"
"6305030701",12,22,9,9,0,0,9,0,0,4.47761194029851,0,0,0,0,0,0,0,0,0,0,0,0,0,0,0,2,0,0,7,0,0,0,9,0,3,0,0,0,0,0,0,"63"
"6305030801",28,139,36,36,0,0,36,0,0,4.13793103448276,0,0,0,0,0,0,0,0,0,0,0,0,0,0,0,36,0,0,0,0,0,0,13,3,3,0,0,0,0,0,0,"63"
"6305030901",1,3,1,1,0,0,1,0,0,0.613496932515337,0,0,0,0,0,0,0,0,0,0,0,0,0,0,0,1,0,0,0,0,0,0,0,0,0,0,0,0,0,0,0,"63"
"6305031001",18,108,25,25,0,0,25,0,0,5.56792873051225,0,0,0,0,0,0,0,0,0,0,0,0,0,0,0,25,0,0,0,0,0,0,0,2,2,0,0,0,0,0,0,"63"
"6305031101",2,8,4,4,0,0,4,0,0,1.40845070422535,0,0,0,0,0,0,0,0,0,0,0,0,0,0,0,4,0,0,0,0,0,0,0,0,0,0,0,0,0,0,0,"63"
"6305031201",9,22,9,8,0,0,8,0,0,2.02020202020202,0,0,0,0,0,0,0,0,0,0,0,0,0,0,0,8,0,0,0,0,0,0,0,0,0,0,0,0,0,0,0,"63"
"6305031301",10,42,7,7,0,0,7,0,0,1.85185185185185,0,0,0,0,0,0,0,0,0,0,0,0,0,0,0,7,0,0,0,0,0,0,0,2,2,0,0,0,0,0,0,"63"
"6305031401",32,162,45,44,0,0,44,2,0,6.89655172413793,0,0,0,0,0,0,0,0,0,0,0,0,0,0,0,44,0,0,0,0,0,2,0,5,5,0,0,0,0,0,0,"63"
"6305031501",12,58,16,16,0,0,16,0,0,5.12820512820513,0,0,0,0,0,0,0,0,0,0,0,0,0,0,0,15,0,0,1,0,0,0,0,0,1,0,0,0,0,0,0,"63"
"6305031601",6,29,10,10,0,0,10,0,0,1.85185185185185,0,0,0,0,0,0,0,0,0,0,0,0,0,0,0,10,0,0,0,0,0,0,0,0,0,0,0,0,0,0,0,"63"
"6305031701",52,172,56,54,0,0,54,0,0,22.8813559322034,0,0,0,0,0,0,0,0,0,0,0,0,0,0,0,16,0,0,49,0,0,0,0,0,3,0,0,0,0,0,0,"63"
"6305040101",5,19,8,4,0,0,2,2,0,1.17302052785924,0,0,0,0,0,0,0,0,0,0,0,0,0,0,0,2,0,0,0,0,0,2,0,0,0,0,0,0,0,0,0,"63"
"6305040201",12,27,8,7,0,0,7,0,0,1.20898100172712,0,0,0,0,0,0,0,0,0,0,0,0,0,0,0,6,0,0,1,0,0,0,5,0,0,0,0,0,0,0,0,"63"
"6305040301",170,374,177,171,171,171,29,0,0,45.7219251336898,0,0,0,168,167,140,0,1,0,0,171,1,170,1,0,16,0,0,15,0,0,0,1,134,138,0,0,4,0,0,0,"63"
"6305040401",15,58,21,17,0,0,17,0,0,4.2713567839196,0,0,0,0,0,0,0,0,0,0,0,0,0,0,0,17,0,0,0,0,0,0,17,0,0,0,0,0,0,0,0,"63"
"6305040501",317,726,399,381,380,372,213,1,0,52.4793388429752,0,0,0,363,374,258,0,20,1,1,370,0,381,0,0,21,0,0,203,0,0,1,7,266,248,3,0,0,0,0,0,"63"
"6305040601",37,198,50,50,0,0,50,1,0,8.50340136054422,0,0,0,0,0,0,0,0,0,0,0,0,0,0,0,50,0,0,0,0,0,1,0,0,0,0,0,0,0,0,0,"63"
"6305040701",6,16,4,4,1,0,2,1,0,1.9047619047619,0,0,0,0,0,0,1,0,0,0,0,0,0,0,0,2,0,0,0,0,0,1,0,0,0,0,0,0,0,0,0,"63"
"6305040801",11,42,12,12,0,0,12,0,0,3.58208955223881,0,0,0,0,0,0,0,0,0,0,0,0,0,0,0,12,0,0,0,0,0,0,9,0,0,0,0,0,0,0,0,"63"
"6305040901",93,278,115,112,102,105,83,3,0,36.8421052631579,0,0,0,102,2,90,0,0,68,0,96,0,3,0,0,9,0,0,81,0,3,0,0,81,78,0,0,0,0,0,0,"63"
"6305041001",168,533,175,153,95,149,118,32,0,28.2287822878229,0,0,0,86,74,121,0,16,86,2,149,5,93,1,0,35,3,0,107,19,13,0,0,108,117,8,0,0,0,0,14,"63"
"6305041101",65,306,123,120,120,120,118,10,0,39.2156862745098,0,0,0,119,118,92,0,120,1,1,105,2,117,3,0,32,2,0,118,7,3,2,5,113,107,0,0,0,0,0,2,"63"
"6305041201",137,297,127,126,126,126,99,1,0,42.4242424242424,0,0,0,124,124,81,0,0,0,0,126,0,124,0,0,1,0,0,99,0,0,1,1,103,100,2,0,0,0,0,0,"63"
"6305050101",2,3,0,0,0,0,0,0,0,0,0,0,0,0,0,0,0,0,0,0,0,0,0,0,0,0,0,0,0,0,0,0,0,0,0,0,0,0,0,0,0,"63"
"6305050201",3,6,1,1,0,0,1,0,0,0.264550264550265,0,0,0,0,0,0,0,0,0,0,0,0,0,0,0,1,0,0,0,0,0,0,1,0,0,0,0,0,0,0,0,"63"
"6305050301",45,150,50,50,17,1,36,2,0,7.83699059561129,0,0,0,1,1,0,16,0,0,0,1,0,0,0,0,5,0,0,33,2,0,0,47,8,3,0,0,0,0,0,0,"63"
"6305050401",0,0,0,0,0,0,0,0,0,0,0,0,0,0,0,0,0,0,0,0,0,0,0,0,0,0,0,0,0,0,0,0,0,0,0,0,0,0,0,0,0,"63"
"6305050501",1,4,0,0,0,0,0,0,0,0,0,0,0,0,0,0,0,0,0,0,0,0,0,0,0,0,0,0,0,0,0,0,0,0,0,0,0,0,0,0,0,"63"
"6305050601",1,3,0,0,0,0,0,0,0,0,0,0,0,0,0,0,0,0,0,0,0,0,0,0,0,0,0,0,0,0,0,0,0,0,0,0,0,0,0,0,0,"63"
"6305050701",0,0,0,0,0,0,0,0,0,0,0,0,0,0,0,0,0,0,0,0,0,0,0,0,0,0,0,0,0,0,0,0,0,0,0,0,0,0,0,0,0,"63"
"6305050801",59,223,18,18,0,1,17,0,0,3.74220374220374,0,0,0,0,0,0,0,0,0,0,1,0,0,0,0,4,0,0,14,0,0,0,18,3,4,0,0,0,0,0,0,"63"
"6305050901",1,2,0,0,0,0,0,0,0,0,0,0,0,0,0,0,0,0,0,0,0,0,0,0,0,0,0,0,0,0,0,0,0,0,0,0,0,0,0,0,0,"63"
"6305060101",91,329,74,73,0,0,73,0,0,18.1141439205955,0,0,0,0,0,0,0,0,0,0,0,0,0,0,0,9,0,0,73,0,0,0,73,6,22,0,0,0,0,0,0,"63"
"6305060201",20,97,18,18,0,0,18,0,0,2.5531914893617,0,0,0,0,0,0,0,0,0,0,0,0,0,0,0,16,0,0,2,0,0,0,16,0,0,0,0,0,0,0,0,"63"
"6305060301",47,192,60,50,0,0,50,0,0,4.26257459505541,0,0,0,0,0,0,0,0,0,0,0,0,0,0,0,50,0,0,0,0,0,0,50,0,0,0,0,0,0,0,0,"63"
"6305060401",54,270,67,64,0,0,64,0,0,5.01960784313725,0,0,0,0,0,0,0,0,0,0,0,0,0,0,0,64,0,0,0,0,0,0,64,0,0,0,0,0,0,0,0,"63"
"6305060501",57,229,85,82,0,0,82,0,0,6.82196339434276,0,0,0,0,0,0,0,0,0,0,0,0,0,0,0,82,0,0,0,0,0,0,71,7,7,0,0,0,0,0,0,"63"
"6305060601",208,891,288,267,0,0,267,0,0,15.9307875894988,0,0,0,0,0,0,0,0,0,0,0,0,0,0,0,87,0,0,221,0,0,0,250,127,170,0,0,0,0,0,0,"63"
"6305060701",214,881,316,311,0,0,311,0,0,32.0288362512873,0,0,0,0,0,0,0,0,0,0,0,0,0,0,0,92,0,0,306,0,0,0,311,16,43,0,0,0,0,0,0,"63"
"6305060801",170,365,176,167,14,68,146,18,0,40.2409638554217,0,0,0,7,3,42,4,0,0,0,68,0,40,1,0,3,0,0,146,9,9,0,117,78,100,0,0,1,0,1,1,"63"
"6305060901",26,93,22,22,0,0,22,0,0,3.52,0,0,0,0,0,0,0,0,0,0,0,0,0,0,0,21,0,0,1,0,0,0,21,0,1,0,0,0,0,0,0,"63"
"6305061001",111,251,141,137,4,8,132,2,0,42.2839506172839,0,0,0,4,0,0,0,3,0,0,5,0,2,0,0,6,0,0,131,2,0,0,137,5,18,0,0,0,0,1,0,"63"
"6306020101",6,26,2,0,0,0,0,0,0,0,0,0,0,0,0,0,0,0,0,0,0,0,0,0,0,0,0,0,0,0,0,0,0,0,0,0,0,0,0,0,0,"63"
"6306020201",1,4,1,1,0,0,1,0,0,2.17391304347826,0,0,0,0,0,0,0,0,0,0,0,0,0,0,0,1,0,0,0,0,0,0,0,1,1,0,0,0,0,0,0,"63"
"6306020202",266,745,246,191,23,188,17,1,0,23.0676328502415,0,0,0,2,23,129,0,0,0,0,188,0,0,0,0,17,0,0,0,0,1,0,1,14,14,0,0,0,0,0,0,"63"
"6306020301",0,0,0,0,0,0,0,0,0,0,0,0,0,0,0,0,0,0,0,0,0,0,0,0,0,0,0,0,0,0,0,0,0,0,0,0,0,0,0,0,0,"63"
"6306020401",7,24,5,5,0,0,5,0,0,0.602409638554217,0,0,0,0,0,0,0,0,0,0,0,0,0,0,0,5,0,0,0,0,0,0,0,0,0,0,0,0,0,0,0,"63"
"6306020501",6,29,5,5,0,0,5,0,0,1.71821305841924,0,0,0,0,0,0,0,0,0,0,0,0,0,0,0,5,0,0,0,0,0,0,0,2,2,0,0,0,0,0,0,"63"
"6306020602",169,474,130,105,29,102,2,6,0,20,0,0,0,16,24,95,3,0,0,0,102,0,1,0,0,0,0,0,2,0,6,0,7,16,23,0,0,0,0,0,0,"63"
"6306020701",0,0,0,0,0,0,0,0,0,0,0,0,0,0,0,0,0,0,0,0,0,0,0,0,0,0,0,0,0,0,0,0,0,0,0,0,0,0,0,0,0,"63"
"6306020702",25,87,29,21,0,0,9,14,0,2.17166494312306,0,0,0,0,0,0,0,0,0,0,0,0,0,0,0,7,0,0,2,2,12,0,0,0,0,0,0,0,0,0,0,"63"
"6306020703",79,210,63,52,13,0,12,36,0,6.18311533888228,0,0,0,11,2,43,0,0,0,0,0,0,0,0,0,10,0,0,2,13,23,0,4,19,12,0,0,0,0,0,0,"63"
"6306020801",1,3,1,0,0,0,0,0,0,0,0,0,0,0,0,0,0,0,0,0,0,0,0,0,0,0,0,0,0,0,0,0,0,0,0,0,0,0,0,0,0,"63"
"6306020802",102,299,95,66,23,29,17,13,0,8.27067669172932,0,0,0,19,18,56,0,6,0,0,25,33,10,0,0,12,0,0,5,11,3,0,14,64,46,1,0,0,0,0,0,"63"
"6306020803",43,133,39,33,4,0,2,29,0,6.09981515711645,0,0,0,0,4,25,0,0,0,0,0,0,4,0,0,2,0,0,0,13,17,0,11,29,28,2,0,0,0,0,0,"63"
"6306020901",4,15,8,7,0,0,7,0,0,1.03244837758112,0,0,0,0,0,0,0,0,0,0,0,0,0,0,0,7,0,0,0,0,0,0,0,7,4,0,0,0,0,0,0,"63"
"6306021001",1,3,1,0,0,0,0,0,0,0,0,0,0,0,0,0,0,0,0,0,0,0,0,0,0,0,0,0,0,0,0,0,0,0,0,0,0,0,0,0,0,"63"
"6306030101",14,55,14,11,0,0,10,1,0,1.3801756587202,0,0,0,0,0,0,0,0,0,0,0,0,0,0,0,10,0,0,0,0,0,1,0,0,0,0,0,0,0,0,0,"63"
"6306030201",5,10,1,1,0,0,1,0,0,0.203252032520325,0,0,0,0,0,0,0,0,0,0,0,0,0,0,0,1,0,0,0,0,0,0,0,0,0,0,0,0,0,0,0,"63"
"6306030301",12,42,13,13,0,0,13,0,0,2.18487394957983,0,0,0,0,0,0,0,0,0,0,0,0,0,0,0,13,0,0,0,0,0,0,0,0,0,0,0,0,0,0,0,"63"
"6306030401",9,53,7,7,0,0,7,0,0,1.51843817787419,0,0,0,0,0,0,0,0,0,0,0,0,0,0,0,7,0,0,0,0,0,0,0,0,0,0,0,0,0,0,0,"63"
"6306030501",17,42,12,12,0,0,6,6,0,1.88087774294671,0,0,0,0,0,0,0,0,0,0,0,0,0,0,0,6,0,0,0,0,0,6,1,0,0,0,0,0,0,0,0,"63"
"6306030601",1,3,0,0,0,0,0,0,0,0,0,0,0,0,0,0,0,0,0,0,0,0,0,0,0,0,0,0,0,0,0,0,0,0,0,0,0,0,0,0,0,"63"
"6306030701",0,0,0,0,0,0,0,0,0,0,0,0,0,0,0,0,0,0,0,0,0,0,0,0,0,0,0,0,0,0,0,0,0,0,0,0,0,0,0,0,0,"63"
"6306030801",16,62,13,13,0,0,13,0,0,2.05696202531646,0,0,0,0,0,0,0,0,0,0,0,0,0,0,0,13,0,0,0,0,0,0,0,0,0,0,0,0,0,0,0,"63"
"6306030901",5,33,7,6,0,0,6,0,0,1.22199592668024,0,0,0,0,0,0,0,0,0,0,0,0,0,0,0,6,0,0,0,0,0,0,0,0,0,0,0,0,0,0,0,"63"
"6306040101",15,45,13,11,1,0,6,4,0,1.44167758846658,1,0,0,0,0,0,0,0,0,0,0,0,0,0,0,6,0,0,0,0,0,4,0,1,0,0,0,0,0,0,0,"63"
"6306040201",8,23,7,5,0,0,3,2,0,0.50251256281407,0,0,0,0,0,0,0,0,0,0,0,0,0,0,0,3,0,0,0,0,0,2,0,3,1,0,0,0,0,0,0,"63"
"6306040301",17,66,18,14,0,0,10,4,0,1.21107266435986,0,0,0,0,0,0,0,0,0,0,0,0,0,0,0,10,0,0,0,0,0,4,0,3,2,0,0,0,0,0,0,"63"
"6306040401",7,28,6,5,0,0,1,4,0,0.712250712250712,0,0,0,0,0,0,0,0,0,0,0,0,0,0,0,1,0,0,0,0,0,4,0,2,2,0,0,0,0,0,0,"63"
"6306040501",8,31,8,7,0,0,5,2,0,1.33587786259542,0,0,0,0,0,0,0,0,0,0,0,0,0,0,0,5,0,0,0,0,0,2,0,0,2,0,0,0,0,0,0,"63"
"6306040601",9,34,8,8,0,0,3,5,0,1.25,0,0,0,0,0,0,0,0,0,0,0,0,0,0,0,3,0,0,0,0,0,5,0,4,6,0,0,0,0,0,0,"63"
"6306050101",47,147,31,26,3,0,1,23,0,4.71014492753623,0,0,0,0,0,0,3,0,0,0,0,0,0,0,0,1,0,0,0,7,17,1,2,13,19,0,0,0,0,0,0,"63"
"6306050201",7,25,8,5,0,0,4,1,0,0.905797101449275,0,0,0,0,0,0,0,0,0,0,0,0,0,0,0,4,0,0,0,0,1,0,5,3,2,0,0,0,0,0,0,"63"
"6306050301",62,173,61,47,4,0,2,46,0,10.8294930875576,0,0,0,0,0,0,4,0,0,0,0,0,0,0,0,0,0,0,2,19,36,6,35,20,24,0,0,0,0,0,0,"63"
"6306050401",26,56,21,16,0,0,0,16,0,5.6140350877193,0,0,0,0,0,0,0,0,0,0,0,1,4,0,0,0,0,0,0,5,7,5,15,3,4,0,0,0,0,0,0,"63"
"6306050501",48,135,35,33,8,3,16,9,0,5.17241379310345,0,0,0,0,0,7,8,0,0,0,3,2,0,0,0,2,0,0,14,3,2,4,12,13,20,0,0,0,0,0,0,"63"
"6306050601",23,81,41,35,0,1,18,19,0,5.87248322147651,0,0,0,0,0,0,0,1,0,0,0,0,0,0,0,18,0,0,0,8,14,0,18,12,15,0,0,0,0,0,0,"63"
"6306050701",11,24,6,4,0,0,0,4,0,1.66666666666667,0,0,0,0,0,0,0,0,0,0,0,0,0,0,0,0,0,0,0,0,3,1,1,0,0,0,0,0,0,0,0,"63"
"6306050801",13,30,12,7,0,1,0,6,0,2.04678362573099,0,0,0,0,0,0,0,0,0,0,1,0,0,0,0,0,0,0,0,0,6,1,2,0,1,0,0,0,0,0,0,"63"
"6306050901",37,91,32,30,2,0,2,28,0,3.80710659898477,0,0,0,2,0,0,0,0,0,0,0,0,0,0,0,2,0,0,0,0,27,1,7,10,10,0,0,0,0,0,0,"63"
"6306051001",16,38,7,7,0,0,0,7,0,0.752688172043011,0,0,0,0,0,0,0,0,0,0,0,0,0,0,0,0,0,0,0,0,0,7,1,0,4,0,0,0,0,0,0,"63"
"6306051101",3,13,3,3,0,0,3,0,0,0.449775112443778,0,0,0,0,0,0,0,0,0,0,0,0,0,0,0,3,0,0,0,0,0,0,0,0,0,0,0,0,0,0,0,"63"
"6306051201",64,173,48,42,2,0,7,36,0,8.09248554913295,0,0,0,0,2,0,0,0,0,0,0,0,0,0,0,0,0,0,7,11,21,5,7,9,6,0,0,0,0,0,0,"63"
"6306051301",47,144,30,22,0,0,6,18,0,6.83229813664596,0,0,0,0,0,1,0,0,0,0,0,0,0,0,0,1,0,0,6,15,3,0,13,11,10,0,0,0,0,0,0,"63"
"6306051401",53,144,52,44,0,0,1,43,0,8.05860805860806,0,0,0,0,0,0,0,0,0,0,0,0,0,0,0,1,0,0,0,2,41,0,12,10,26,0,0,0,0,0,0,"63"
"6306051501",108,328,128,114,1,0,93,49,0,20.4301075268817,0,0,0,0,0,3,1,0,0,0,0,0,0,0,0,10,0,0,91,30,19,5,60,54,49,0,0,0,0,0,0,"63"
"6306051601",13,28,6,4,2,0,0,4,0,1.18694362017804,0,0,0,0,0,0,2,0,0,0,0,0,0,0,0,0,0,0,0,3,1,0,3,0,0,0,0,0,0,0,0,"63"
"6306060101",0,0,0,0,0,0,0,0,0,0,0,0,0,0,0,0,0,0,0,0,0,0,0,0,0,0,0,0,0,0,0,0,0,0,0,0,0,0,0,0,0,"63"
"6306060102",48,156,11,9,4,0,1,8,0,1.48760330578512,0,0,0,0,4,0,0,0,0,0,0,0,0,0,0,1,0,0,0,0,5,3,2,7,6,0,0,0,0,0,0,"63"
"6306060103",33,129,10,9,2,0,3,4,0,1.57068062827225,0,0,0,0,2,0,0,0,0,0,0,0,0,0,0,3,0,0,0,0,1,3,0,0,0,0,0,0,0,0,0,"63"
"6306060104",46,129,9,7,1,0,4,2,0,0.879396984924623,0,0,0,0,1,0,0,0,0,0,0,0,0,0,0,4,0,0,0,1,1,0,0,1,1,0,0,0,0,0,0,"63"
"6306060105",15,21,2,2,2,0,0,0,0,0.564971751412429,0,0,0,0,0,0,2,0,0,0,0,0,0,0,0,0,0,0,0,0,0,0,1,0,0,0,0,0,0,0,0,"63"
"6306060202",23,33,3,3,3,0,0,0,0,0.46801872074883,0,0,0,0,0,0,3,0,0,0,0,0,0,0,0,0,0,0,0,0,0,0,1,0,0,0,0,0,0,0,0,"63"
"6306060203",18,79,13,13,2,0,11,0,0,1.37420718816068,0,0,0,0,0,0,2,0,0,0,0,0,0,0,0,11,0,0,0,0,0,0,1,5,7,0,0,0,0,0,0,"63"
"6306060301",112,329,55,47,11,37,3,13,0,6.96296296296296,0,0,0,0,11,0,0,0,0,0,37,2,0,0,0,2,0,0,1,4,9,0,28,15,9,0,0,0,0,0,0,"63"
"6306060401",78,278,60,54,6,16,28,21,0,5.10879848628193,0,0,0,1,3,0,2,0,0,0,16,5,3,0,0,8,0,0,20,13,13,2,17,26,31,0,0,0,0,1,5,"63"
"6306060501",0,0,0,0,0,0,0,0,0,0,0,0,0,0,0,0,0,0,0,0,0,0,0,0,0,0,0,0,0,0,0,0,0,0,0,0,0,0,0,0,0,"63"
"6306060502",38,128,30,22,6,11,7,2,0,7.00636942675159,0,0,0,3,3,0,1,1,1,0,11,0,1,0,0,7,0,0,0,0,1,1,1,3,2,1,0,0,0,0,0,"63"
"6306060601",1,4,1,0,0,0,0,0,0,0,0,0,0,0,0,0,0,0,0,0,0,0,0,0,0,0,0,0,0,0,0,0,0,0,0,0,0,0,0,0,0,"63"
"6306060602",13,30,1,0,0,0,0,0,0,0,0,0,0,0,0,0,0,0,0,0,0,0,0,0,0,0,0,0,0,0,0,0,0,0,0,0,0,0,0,0,0,"63"
"6306060701",105,253,51,45,6,30,7,11,0,5.73248407643312,0,0,0,0,5,0,1,0,0,0,30,5,1,0,0,4,0,0,3,6,9,1,7,17,16,0,0,0,0,0,0,"63"
"6306070101",8,27,2,2,0,0,2,0,0,0.32258064516129,0,0,0,0,0,0,0,0,0,0,0,0,0,0,0,0,0,0,2,0,0,0,0,0,0,0,0,0,0,0,0,"63"
"6306070201",16,53,5,4,0,0,4,0,0,0.253004427577483,0,0,0,0,0,0,0,0,0,0,0,0,0,0,0,4,0,0,0,0,0,0,0,0,0,0,0,0,0,0,0,"63"
"6306070301",21,70,11,10,0,0,10,0,0,0.66711140760507,0,0,0,0,0,0,0,0,0,0,0,0,0,0,0,10,0,0,0,0,0,0,0,0,0,0,0,0,0,0,0,"63"
"6306070401",14,55,12,9,0,0,9,0,0,0.780572419774501,0,0,0,0,0,0,0,0,0,0,0,0,0,0,0,9,0,0,0,0,0,0,0,0,0,0,0,0,0,0,0,"63"
"6306070501",6,23,7,6,0,0,6,0,0,1.85758513931889,0,0,0,0,0,0,0,0,0,0,0,0,0,0,0,6,0,0,0,0,0,0,0,0,0,0,0,0,0,0,0,"63"
"6306070601",3,10,2,2,0,0,2,0,0,0.673400673400673,0,0,0,0,0,0,0,0,0,0,0,0,0,0,0,2,0,0,0,0,0,0,0,0,0,0,0,0,0,0,0,"63"
"6306070701",2,8,1,0,0,0,0,0,0,0,0,0,0,0,0,0,0,0,0,0,0,0,0,0,0,0,0,0,0,0,0,0,0,0,0,0,0,0,0,0,0,"63"
"6306070801",4,11,1,1,0,0,1,0,0,0.23696682464455,0,0,0,0,0,0,0,0,0,0,0,0,0,0,0,1,0,0,0,0,0,0,0,0,0,0,0,0,0,0,0,"63"
"6306070901",21,79,9,8,0,0,8,0,0,0.553250345781466,0,0,0,0,0,0,0,0,0,0,0,0,0,0,0,8,0,0,0,0,0,0,0,0,0,0,0,0,0,0,0,"63"
"6306071001",16,56,5,5,0,0,5,0,0,0.479386385426654,0,0,0,0,0,0,0,0,0,0,0,0,0,0,0,5,0,0,0,0,0,0,0,0,0,0,0,0,0,0,0,"63"
"6306071101",9,32,6,3,0,0,3,0,0,0.571428571428571,0,0,0,0,0,0,0,0,0,0,0,0,0,0,0,3,0,0,0,0,0,0,0,0,0,0,0,0,0,0,0,"63"
"6306080101",2,7,1,1,0,0,1,0,0,0.171821305841924,0,0,0,0,0,0,0,0,0,0,0,0,0,0,0,1,0,0,0,0,0,0,0,0,0,0,0,0,0,0,0,"63"
"6306080201",4,18,9,5,0,0,5,0,0,0.959692898272553,0,0,0,0,0,0,0,0,0,0,0,0,0,0,0,5,0,0,0,0,0,0,0,0,0,0,0,0,0,0,0,"63"
"6306080301",1,6,0,0,0,0,0,0,0,0,0,0,0,0,0,0,0,0,0,0,0,0,0,0,0,0,0,0,0,0,0,0,0,0,0,0,0,0,0,0,0,"63"
"6306080401",5,24,7,2,0,0,2,0,0,0.260078023407022,0,0,0,0,0,0,0,0,0,0,0,0,0,0,0,2,0,0,0,0,0,0,0,1,1,0,0,0,0,0,0,"63"
"6306080501",6,31,7,7,0,0,7,0,0,0.958904109589041,0,0,0,0,0,0,0,0,0,0,0,0,0,0,0,7,0,0,0,0,0,0,0,4,1,0,0,0,0,0,0,"63"
"6306080601",18,72,16,16,0,2,14,0,0,1.72786177105832,0,0,0,0,0,0,0,0,0,0,2,0,0,0,0,14,0,0,0,0,0,0,0,13,5,0,0,0,0,0,0,"63"
"6306080701",30,195,30,29,0,0,29,0,0,2.57548845470693,0,0,0,0,0,0,0,0,0,0,0,0,0,0,0,29,0,0,0,0,0,0,0,9,10,0,0,0,0,0,0,"63"
"6306080801",5,20,0,0,0,0,0,0,0,0,0,0,0,0,0,0,0,0,0,0,0,0,0,0,0,0,0,0,0,0,0,0,0,0,0,0,0,0,0,0,0,"63"
"6306080901",13,51,14,12,0,0,12,0,0,1.53649167733675,0,0,0,0,0,0,0,0,0,0,0,0,0,0,0,12,0,0,0,0,0,0,0,9,6,0,0,0,0,0,0,"63"
"6306081001",58,501,88,84,0,0,84,0,0,5.40540540540541,0,0,0,0,0,0,0,0,0,0,0,0,0,0,0,84,0,0,0,0,0,0,0,39,26,0,0,0,0,0,0,"63"
"6306081101",1,5,1,1,0,0,1,0,0,0.315457413249211,0,0,0,0,0,0,0,0,0,0,0,0,0,0,0,1,0,0,0,0,0,0,0,1,0,0,0,0,0,0,0,"63"
"6306081201",3,18,9,9,0,0,9,0,0,1.03092783505155,0,0,0,0,0,0,0,0,0,0,0,0,0,0,0,3,0,0,6,0,0,0,0,6,6,0,0,0,0,0,0,"63"
"6306090101",26,58,24,22,0,0,7,16,0,6.1624649859944,0,0,0,0,0,0,0,0,0,0,0,0,0,0,0,7,0,0,0,0,8,10,6,10,11,1,0,0,0,0,0,"63"
"6306090201",9,33,9,8,0,0,8,0,0,1.28205128205128,0,0,0,0,0,0,0,0,0,0,0,0,0,0,0,8,0,0,0,0,0,0,0,5,1,0,0,0,0,0,0,"63"
"6306090301",4,16,4,4,0,0,3,1,0,1.23076923076923,0,0,0,0,0,0,0,0,0,0,0,0,0,0,0,3,0,0,0,0,1,0,0,4,3,0,0,0,0,0,0,"63"
"6306090401",12,44,16,16,0,0,12,7,0,3.26530612244898,0,0,0,0,0,0,0,0,0,0,0,0,0,0,0,12,0,0,0,0,6,3,0,9,8,0,0,0,0,0,0,"63"
"6306090501",13,39,7,5,0,0,5,0,0,0.850340136054422,0,0,0,0,0,0,0,0,0,0,0,0,0,0,0,5,0,0,0,0,0,0,0,0,0,0,0,0,0,0,0,"63"
"6306090601",13,43,10,10,0,0,10,0,0,1.36798905608755,0,0,0,0,0,0,0,0,0,0,0,0,0,0,0,10,0,0,0,0,0,0,0,0,3,0,0,0,0,0,0,"63"
"6306090701",41,220,33,33,0,0,21,18,0,4.62833099579243,0,0,0,0,0,0,0,0,0,0,0,0,0,0,0,21,0,0,0,0,0,18,0,0,0,0,0,0,0,0,2,"63"
"6306090801",0,0,0,0,0,0,0,0,0,0,0,0,0,0,0,0,0,0,0,0,0,0,0,0,0,0,0,0,0,0,0,0,0,0,0,0,0,0,0,0,0,"63"
"6306090901",10,34,12,12,0,0,10,2,0,2.38095238095238,0,0,0,0,0,0,0,0,0,0,0,0,0,0,0,10,0,0,0,0,2,0,0,0,0,0,0,0,0,0,0,"63"
"6306091001",15,68,15,9,0,0,8,1,0,1.42405063291139,0,0,0,0,0,0,0,0,0,0,0,0,0,0,0,8,0,0,0,0,1,0,0,1,1,0,0,0,0,0,0,"63"
"6306100101",75,203,83,70,0,0,5,65,0,4.24499696785931,0,0,0,0,0,0,0,0,0,0,0,0,0,0,0,5,0,0,0,0,65,0,1,0,0,0,0,0,0,0,0,"63"
"6306100201",5,17,2,2,0,0,2,0,0,0.169348010160881,0,0,0,0,0,0,0,0,0,0,0,0,0,0,0,2,0,0,0,0,0,0,0,0,0,0,0,0,0,0,0,"63"
"6306100301",7,25,7,4,0,0,4,0,0,0.645161290322581,0,0,0,0,0,0,0,0,0,0,0,0,0,0,0,4,0,0,0,0,0,0,0,0,0,0,0,0,0,0,0,"63"
"6306100401",23,90,31,26,0,0,22,4,0,4.60176991150442,0,0,0,0,0,0,0,0,0,0,0,0,0,0,0,22,0,0,0,1,4,0,0,0,0,0,0,0,0,0,0,"63"
"6306100501",20,84,23,22,0,0,18,6,0,6.47058823529412,0,0,0,0,0,0,0,0,0,0,0,0,0,0,0,6,0,0,12,0,6,0,0,1,0,0,0,0,0,0,0,"63"
"6306100601",2,8,2,2,0,0,2,0,0,0.823045267489712,0,0,0,0,0,0,0,0,0,0,0,0,0,0,0,2,0,0,0,0,0,0,0,0,0,0,0,0,0,0,0,"63"
"6306100701",6,23,3,3,0,0,3,0,0,0.783289817232376,0,0,0,0,0,0,0,0,0,0,0,0,0,0,0,3,0,0,0,0,0,0,0,0,0,0,0,0,0,0,0,"63"
"6306510101",2,3,0,0,0,0,0,0,0,0,0,0,0,0,0,0,0,0,0,0,0,0,0,0,0,0,0,0,0,0,0,0,0,0,0,0,0,0,0,0,0,"63"
"6306510201",44,158,34,29,1,0,3,27,0,4.73856209150327,0,0,0,0,0,0,1,0,0,0,0,0,0,0,0,1,0,0,2,9,24,1,8,4,5,0,0,0,0,0,5,"63"
"6306510301",67,148,39,36,4,3,0,34,0,7.30223123732252,0,0,0,0,0,16,4,0,0,0,3,0,29,0,0,0,0,0,0,7,30,0,31,3,4,20,0,0,0,10,0,"63"
"6306510401",11,64,4,4,0,0,4,0,0,0.654664484451719,0,0,0,0,0,0,0,0,0,0,0,0,0,0,0,4,0,0,0,0,0,0,0,0,0,0,0,0,0,0,0,"63"
"6306510501",5,16,3,1,0,0,0,1,0,0.146198830409357,0,0,0,0,0,1,0,0,0,0,0,0,0,0,0,0,0,0,0,1,0,0,0,0,0,0,0,0,0,0,0,"63"
"6306510601",16,45,7,7,5,1,0,6,0,1.22591943957968,0,0,0,0,4,4,1,0,0,0,1,0,4,0,0,0,0,0,0,4,6,0,6,1,0,0,1,0,0,0,1,"63"
"6306510701",135,444,85,68,5,11,3,59,0,9.53716690042076,0,0,0,2,2,11,2,3,0,0,11,4,3,0,0,2,0,0,1,28,38,3,7,17,15,14,0,0,0,6,5,"63"
"6306510801",46,148,24,18,3,3,5,12,0,2.3778071334214,0,0,0,0,2,1,1,0,0,0,3,0,1,0,0,3,0,0,2,5,8,2,6,2,4,0,0,0,0,0,2,"63"
"6306510901",17,49,15,12,0,1,5,6,0,2.78422273781903,0,0,0,0,0,0,0,0,0,0,1,0,0,0,0,5,0,0,0,1,6,0,7,0,0,0,0,0,0,0,1,"63"
"6306511001",9,25,4,4,0,0,1,3,0,0.609756097560976,0,0,0,0,0,3,0,0,0,0,0,0,0,0,0,1,0,0,0,0,3,0,0,0,0,0,0,0,0,0,0,"63"
"6306511101",0,0,0,0,0,0,0,0,0,0,0,0,0,0,0,0,0,0,0,0,0,0,0,0,0,0,0,0,0,0,0,0,0,0,0,0,0,0,0,0,0,"63"
"6306511201",2,5,0,0,0,0,0,0,0,0,0,0,0,0,0,0,0,0,0,0,0,0,0,0,0,0,0,0,0,0,0,0,0,0,0,0,0,0,0,0,0,"63"
"6306511301",3,4,0,0,0,0,0,0,0,0,0,0,0,0,0,0,0,0,0,0,0,0,0,0,0,0,0,0,0,0,0,0,0,0,0,0,0,0,0,0,0,"63"
"6306511401",58,206,44,39,7,11,9,21,0,5.32786885245902,0,0,0,0,7,2,0,1,1,1,11,7,1,1,0,9,0,0,3,13,15,0,35,11,14,4,0,0,0,5,18,"63"
"6306511501",10,49,2,2,0,1,1,0,0,0.233100233100233,0,0,0,0,0,0,0,0,0,0,1,0,0,0,0,1,0,0,0,0,0,0,0,1,1,0,0,0,0,0,0,"63"
"6306511601",11,68,2,1,0,0,1,0,0,0.145348837209302,0,0,0,0,0,0,0,0,0,0,0,0,0,0,0,1,0,0,0,0,0,0,0,1,1,0,0,0,0,0,0,"63"
"6306511701",6,36,3,2,0,0,0,2,0,0.170940170940171,0,0,0,0,0,0,0,0,0,0,0,0,0,0,0,0,0,0,0,2,2,0,2,2,2,0,0,0,0,0,0,"63"
"6306511801",33,210,17,12,0,0,12,0,0,1.02827763496144,0,0,0,0,0,0,0,0,0,0,0,0,0,0,0,12,0,0,0,0,0,0,0,0,0,0,0,0,0,0,0,"63"
"6306511901",68,233,12,11,1,2,1,11,0,1.54929577464789,0,0,0,1,0,3,1,0,0,0,2,0,2,2,0,1,0,0,0,8,9,0,3,2,4,0,0,0,0,0,0,"63"
"6306512001",6,33,10,7,0,0,7,0,0,1.21317157712305,0,0,0,0,0,0,0,0,0,0,0,0,0,0,0,7,0,0,0,0,0,0,0,0,0,0,0,0,0,0,0,"63"
"6307010101",40,123,28,28,1,15,19,5,0,10.9375,0,1,0,1,0,14,0,7,0,0,14,5,19,0,0,5,0,0,15,0,5,0,0,19,18,3,0,0,0,2,10,"63"
"6307010102",1,4,0,0,0,0,0,0,0,0,0,0,0,0,0,0,0,0,0,0,0,0,0,0,0,0,0,0,0,0,0,0,0,0,0,0,0,0,0,0,0,"63"
"6307010103",44,131,29,26,5,1,21,2,0,4.41426146010187,0,0,0,3,1,2,2,0,0,0,1,0,2,0,0,4,0,0,18,2,0,0,2,9,12,0,0,0,0,0,0,"63"
"6307010201",1,3,0,0,0,0,0,0,0,0,0,0,0,0,0,0,0,0,0,0,0,0,0,0,0,0,0,0,0,0,0,0,0,0,0,0,0,0,0,0,0,"63"
"6307010202",7,9,2,2,0,1,1,0,0,0.544959128065395,0,0,0,0,0,0,0,0,0,1,0,0,1,0,0,1,0,0,0,0,0,0,0,0,0,0,0,0,0,0,0,"63"
"6307010301",7,19,5,4,1,0,2,1,0,3.50877192982456,0,0,0,0,1,1,0,0,0,0,0,0,0,0,0,0,0,0,2,1,0,0,0,2,1,0,0,0,0,0,0,"63"
"6307010302",51,110,35,30,6,4,3,21,0,5.5045871559633,0,0,0,3,2,24,1,0,0,0,4,0,1,0,0,1,0,0,2,7,14,0,0,19,9,0,0,0,0,0,0,"63"
"6307010303",5,9,3,3,0,1,2,1,0,0.847457627118644,0,0,0,0,0,0,0,0,0,0,1,0,0,0,0,2,0,0,0,0,1,0,0,0,0,0,0,0,0,0,0,"63"
"6307010401",75,309,43,38,0,0,35,3,0,3.99159663865546,0,0,0,0,0,22,0,0,0,0,0,0,0,0,0,23,0,0,16,0,3,0,11,3,3,0,0,0,0,0,0,"63"
"6307010501",136,465,52,48,46,2,15,0,0,7.98668885191348,1,0,0,45,1,21,0,2,0,0,0,0,0,0,0,11,0,0,5,0,0,0,1,12,22,0,0,0,0,0,0,"63"
"6307010601",48,221,60,53,15,11,36,4,0,14.9295774647887,0,0,0,0,15,13,0,0,0,0,11,0,1,0,0,6,0,0,35,3,1,0,4,29,35,0,0,0,0,0,0,"63"
"6307010701",45,92,20,16,9,7,4,7,0,6.75105485232067,0,0,0,1,9,13,0,0,0,0,7,0,0,0,0,4,0,0,0,1,6,0,1,7,0,0,0,0,0,0,0,"63"
"6307010702",3,3,1,1,0,0,1,0,0,0.99009900990099,0,0,0,0,0,0,0,0,0,0,0,0,0,0,0,0,0,0,1,0,0,0,0,1,0,0,0,0,0,0,0,"63"
"6307010801",90,209,41,35,3,30,3,5,0,11.5894039735099,0,0,0,0,0,7,3,30,0,0,3,0,0,0,0,1,0,0,2,1,4,0,0,6,13,5,0,0,0,1,0,"63"
"6307010901",20,74,25,23,2,5,22,1,0,17.2932330827068,0,0,0,1,1,4,0,5,0,0,0,0,0,0,1,8,0,0,18,0,1,0,4,17,16,0,0,0,0,0,0,"63"
"6307020101",3,8,3,0,0,0,0,0,0,0,0,0,0,0,0,0,0,0,0,0,0,0,0,0,0,0,0,0,0,0,0,0,0,0,0,0,0,0,0,0,0,"63"
"6307020201",157,583,140,137,65,81,70,26,0,16.2901307966706,0,0,1,35,45,101,6,29,0,0,75,0,9,0,0,12,1,0,59,17,15,0,45,91,88,14,0,0,0,0,2,"63"
"6307020301",76,338,97,93,43,84,53,27,0,25.2032520325203,0,0,0,30,24,53,3,66,22,19,79,24,52,1,4,17,1,0,36,18,11,0,86,47,55,0,2,2,0,4,14,"63"
"6307020401",87,325,44,43,14,32,9,0,0,8.58283433133733,0,0,0,6,9,0,0,8,2,3,22,1,7,3,0,6,0,0,3,0,0,0,6,14,14,0,0,0,0,0,0,"63"
"6307020501",37,129,34,32,22,4,19,2,0,11.7647058823529,0,0,0,16,9,23,0,4,0,0,0,18,0,0,2,7,0,0,10,0,2,0,4,29,25,0,0,0,0,0,0,"63"
"6307020601",186,303,57,53,25,44,0,7,0,12.1559633027523,0,0,0,19,8,16,0,1,0,0,43,2,4,0,0,0,0,0,0,3,4,0,7,15,8,1,0,0,0,0,6,"63"
"6307020701",43,134,25,23,2,0,13,10,0,3.31412103746398,0,0,0,2,0,0,0,0,0,0,0,0,0,0,0,0,0,0,13,0,10,0,0,1,8,0,0,0,0,0,0,"63"
"6307020801",5,18,0,0,0,0,0,0,0,0,0,0,0,0,0,0,0,0,0,0,0,0,0,0,0,0,0,0,0,0,0,0,0,0,0,0,0,0,0,0,0,"63"
"6307020901",9,18,1,1,0,1,0,0,0,0.182481751824818,0,0,0,0,0,0,0,0,0,0,1,0,0,0,0,0,0,0,0,0,0,0,0,0,0,0,0,0,0,0,0,"63"
"6307021001",66,197,69,46,0,46,7,5,0,21.0045662100457,0,0,0,0,0,9,0,1,0,0,46,0,0,0,0,2,0,0,5,5,0,0,0,37,25,0,1,0,0,0,0,"63"
"6307021101",4,16,1,1,0,0,1,0,0,0.325732899022801,0,0,0,0,0,0,0,0,0,0,0,0,0,0,0,1,0,0,0,0,0,0,0,0,0,0,0,0,0,0,0,"63"
"6307021201",22,59,18,17,6,11,1,0,0,7.69230769230769,0,0,0,1,5,0,0,2,1,0,10,0,1,0,0,1,0,0,0,0,0,0,3,2,9,0,0,0,0,0,0,"63"
"6307021301",76,291,81,71,2,1,63,11,0,8.14220183486239,0,0,0,2,0,0,0,0,0,0,1,0,1,0,0,31,0,0,37,8,3,0,43,27,28,1,0,0,0,0,4,"63"
"6307021401",86,381,62,60,25,37,22,0,0,9.43396226415094,0,0,0,11,25,26,0,6,6,10,37,0,15,0,0,12,0,0,10,0,0,0,16,16,20,0,0,0,0,0,0,"63"
"6307021501",96,248,50,42,25,26,4,16,0,12.3529411764706,1,0,0,17,10,8,1,2,4,0,25,16,0,0,2,0,0,0,2,6,10,0,3,21,27,1,0,0,0,3,5,"63"
"6307030101",54,127,32,31,19,14,6,0,0,7.07762557077625,0,0,0,16,5,9,0,0,0,0,14,0,4,0,0,2,0,0,4,0,0,0,0,0,0,2,0,0,0,0,0,"63"
"6307030201",94,177,34,32,24,24,9,0,0,11.8081180811808,0,0,0,18,11,15,0,0,0,0,24,0,2,0,0,3,0,0,6,0,0,0,5,8,3,1,0,0,0,0,0,"63"
"6307030301",46,208,69,63,5,36,30,1,0,10.6060606060606,0,0,0,2,3,0,0,0,0,0,36,0,16,0,0,29,0,0,1,1,0,0,44,1,0,0,0,0,0,0,0,"63"
"6307030401",102,325,67,63,18,47,7,0,0,6.87022900763359,0,0,0,6,12,3,0,3,0,0,45,8,1,2,0,4,0,0,3,0,0,0,50,3,1,0,0,0,0,0,1,"63"
"6307030501",551,1384,538,498,230,382,300,169,0,32.0876288659794,0,0,0,32,221,136,10,89,89,117,320,29,112,1,12,29,5,0,281,98,90,0,244,130,224,20,4,0,0,0,25,"63"
"6307030601",68,198,54,50,18,22,29,3,0,6.13496932515337,0,0,0,15,0,6,3,0,0,2,20,0,3,0,0,22,0,0,7,3,0,0,22,2,7,0,0,0,0,0,2,"63"
"6307030701",19,24,3,3,1,3,0,0,0,1.13207547169811,0,0,0,1,0,1,0,0,0,0,3,0,0,0,0,0,0,0,0,0,0,0,0,0,0,0,0,0,0,0,0,"63"
"6307030801",150,818,204,198,51,81,126,30,0,18.3503243744208,0,2,0,20,24,18,14,8,0,0,81,18,16,1,0,21,0,0,116,18,19,0,40,32,43,30,0,0,0,2,14,"63"
"6307030901",70,96,33,30,27,29,0,0,0,8.95522388059701,0,0,0,13,15,18,0,0,0,0,29,0,3,0,0,0,0,0,0,0,0,0,7,8,0,0,0,0,0,0,0,"63"
"6307031001",71,443,128,124,20,29,109,11,0,20.5980066445183,0,0,0,10,13,25,0,0,0,0,29,0,0,0,0,40,0,0,89,0,11,0,13,13,14,13,0,0,0,0,0,"63"
"6307031101",133,650,180,176,56,127,38,0,0,16.8744007670182,0,0,0,21,37,4,0,4,1,2,124,11,11,26,0,36,0,0,2,0,0,0,130,7,10,1,0,0,0,0,2,"63"
"6307031201",43,226,51,50,1,10,42,17,0,9.34579439252336,0,0,0,1,0,0,0,5,0,0,9,0,1,0,0,13,0,0,35,10,12,0,41,8,8,0,0,0,0,0,0,"63"
"6307031301",245,654,233,207,35,173,112,40,0,29.5714285714286,0,0,0,10,25,76,2,163,27,5,82,23,13,2,0,11,3,0,109,11,31,0,48,80,83,37,0,2,0,0,0,"63"
"6307040101",42,130,34,31,11,20,2,12,0,14.1552511415525,0,0,0,7,4,20,0,2,0,0,20,0,1,0,0,1,0,0,1,3,9,0,0,14,15,0,0,0,0,0,0,"63"
"6307040201",133,318,170,139,105,132,8,2,0,42.1212121212121,0,0,0,103,7,125,1,3,0,0,132,0,7,0,0,6,0,0,5,0,2,0,3,91,85,0,0,0,0,0,0,"63"
"6307040301",96,188,69,58,36,51,12,7,0,26.8518518518519,0,0,0,34,2,34,1,0,0,0,51,0,29,0,0,4,0,0,8,1,6,0,1,21,35,0,0,0,0,0,0,"63"
"6307040401",126,327,54,54,21,23,29,3,0,12.5874125874126,0,0,0,21,1,20,0,0,0,0,23,0,0,0,0,11,0,0,22,2,1,0,0,7,6,0,0,0,0,0,0,"63"
"6307040501",118,440,71,58,13,18,40,16,0,8.41799709724238,0,0,0,3,5,21,6,1,0,0,17,0,8,0,0,16,0,0,31,16,3,0,11,15,30,1,0,0,0,0,0,"63"
"6307040601",58,149,44,40,4,38,2,3,0,23.2558139534884,0,0,0,1,4,3,0,1,0,37,2,1,0,0,0,2,0,0,0,1,2,0,6,7,8,0,0,0,0,0,1,"63"
"6307040701",417,1485,310,297,53,44,275,1,0,17.1974522292994,0,1,0,32,21,248,0,0,0,0,44,0,17,0,0,42,0,0,269,0,1,0,184,18,45,19,0,0,0,0,0,"63"
"6307050101",86,353,115,108,50,67,38,0,0,13.3333333333333,0,0,0,30,35,32,0,9,0,0,59,0,14,1,0,19,0,0,24,0,0,0,40,27,16,27,1,0,0,0,1,"63"
"6307050201",85,326,85,83,1,1,80,11,0,15.3136531365314,0,0,0,1,1,68,0,0,0,0,1,0,0,0,0,21,0,0,69,5,11,0,21,50,50,0,0,0,0,0,0,"63"
"6307050301",91,237,71,62,62,41,5,8,0,24.7011952191235,0,0,0,61,27,54,0,41,0,0,0,0,0,0,0,2,0,0,3,7,2,0,1,52,28,0,0,0,0,0,0,"63"
"6307050401",38,104,37,33,30,22,3,4,0,13.3064516129032,0,0,0,30,30,22,0,13,0,0,12,0,14,0,0,3,0,0,0,0,4,0,0,19,15,18,0,0,0,0,0,"63"
"6307050501",126,719,123,117,28,16,93,57,0,11.5270935960591,0,1,0,2,27,35,2,1,0,0,15,3,5,2,0,32,3,0,80,45,19,0,72,13,20,19,0,0,0,0,6,"63"
"6307050601",38,69,22,17,2,10,6,2,0,5.46623794212219,0,0,0,1,1,0,0,1,0,0,9,0,0,0,0,2,0,0,4,0,2,0,0,5,5,0,0,0,0,0,0,"63"
"6307050701",51,167,57,52,16,11,36,1,0,6.5,0,0,0,12,0,3,4,0,0,0,11,2,1,0,0,35,0,0,1,1,0,0,25,1,8,0,2,0,0,0,0,"63"
"6307050801",96,433,91,89,2,4,85,5,0,11.4249037227214,0,0,0,2,2,0,0,4,0,0,3,0,0,0,0,26,0,0,74,0,5,0,79,2,15,0,0,0,0,0,0,"63"
"6307050901",20,80,7,7,0,0,7,0,0,0.69790628115653,0,0,0,0,0,0,0,0,0,0,0,0,0,0,0,7,0,0,0,0,0,0,0,7,6,0,0,0,0,0,0,"63"
"6307051001",74,297,95,87,8,5,71,23,0,13.7658227848101,0,0,0,5,2,8,1,0,0,0,5,0,0,0,0,9,0,0,66,13,16,0,48,22,29,0,0,0,0,0,0,"63"
"6307051101",75,333,66,60,26,34,38,4,0,4.75812846946868,0,0,0,9,16,20,1,3,1,1,32,6,23,5,2,10,0,0,30,1,3,0,14,0,14,6,0,0,0,0,9,"63"
"6308010101",1,4,3,3,0,0,3,0,0,0.689655172413793,0,0,0,0,0,0,0,0,0,0,0,0,0,0,0,3,0,0,0,0,0,0,0,0,0,0,0,0,0,0,0,"63"
"6308010102",12,23,5,3,0,0,1,2,0,0.808625336927224,0,0,0,0,0,0,0,0,0,0,0,0,0,0,0,1,0,0,0,0,2,0,3,0,2,0,0,0,0,0,0,"63"
"6308010103",2,6,1,1,0,0,1,0,0,0.254452926208651,0,0,0,0,0,0,0,0,0,0,0,0,0,0,0,1,0,0,0,0,0,0,0,0,1,0,0,0,0,0,0,"63"
"6308010104",11,46,11,11,0,0,11,0,0,2.46085011185682,0,0,0,0,0,0,0,0,0,0,0,0,0,0,0,11,0,0,0,0,0,0,0,4,4,0,0,0,0,0,0,"63"
"6308010201",3,8,1,1,0,0,1,0,0,0.925925925925926,0,0,0,0,0,0,0,0,0,0,0,0,0,0,0,1,0,0,0,0,0,0,0,1,0,0,0,0,0,0,0,"63"
"6308010301",47,181,67,61,0,1,60,0,0,14.7699757869249,0,0,0,0,0,0,0,1,0,0,1,0,0,0,0,26,0,0,39,0,0,0,14,38,39,0,0,0,0,0,0,"63"
"6308010401",62,275,139,123,78,99,51,0,0,42.1232876712329,0,0,0,21,56,31,1,34,0,0,65,0,20,0,0,16,0,0,35,0,0,0,36,73,34,0,0,0,0,0,45,"63"
"6308010501",1,1,1,1,0,1,0,0,0,0.409836065573771,0,0,0,0,0,0,0,0,0,0,1,0,0,0,0,0,0,0,0,0,0,0,1,0,0,0,0,0,0,0,0,"63"
"6308010601",14,35,8,7,0,0,4,3,0,4.09356725146199,0,0,0,0,0,0,0,0,0,0,0,0,0,0,0,0,0,0,4,3,2,0,0,3,6,0,0,0,0,0,0,"63"
"6308020101",12,40,11,8,0,0,8,0,0,1.72043010752688,0,0,0,0,0,0,0,0,0,0,0,0,0,0,0,8,0,0,0,0,0,0,6,4,3,0,0,0,0,0,0,"63"
"6308020201",16,54,7,7,0,0,7,0,0,2.28758169934641,0,0,0,0,0,0,0,0,0,0,0,0,0,0,0,7,0,0,0,0,0,0,6,2,1,0,0,0,0,0,0,"63"
"6308020301",16,62,14,13,0,0,13,0,0,3.03030303030303,0,0,0,0,0,0,0,0,0,0,0,0,0,0,0,13,0,0,0,0,0,0,9,6,5,0,0,0,0,0,0,"63"
"6308030101",43,155,60,55,0,3,48,9,0,8.55365474339036,0,0,0,0,0,0,0,0,0,0,3,0,0,0,3,37,0,0,14,0,5,5,45,0,4,0,0,0,0,0,0,"63"
"6308030201",103,341,94,86,14,85,53,1,0,15.1675485008818,0,0,0,1,13,67,1,1,0,0,85,0,84,0,0,9,0,0,47,0,1,0,22,62,56,12,0,0,0,0,0,"63"
"6308030301",76,372,151,149,0,1,144,22,0,15.1269035532995,0,0,0,0,0,0,0,0,0,0,1,2,0,0,0,76,0,0,83,17,17,0,26,38,27,0,0,0,0,0,0,"63"
"6308030401",139,767,195,183,73,152,141,61,0,22.9036295369212,0,0,0,5,73,6,0,61,0,0,143,5,62,2,0,51,0,0,112,56,8,0,15,12,14,0,0,0,0,6,21,"63"
"6308030501",19,67,20,20,0,0,20,0,0,7.5187969924812,0,0,0,0,0,0,0,0,0,0,0,0,0,0,0,16,0,0,4,0,0,0,14,3,6,0,0,0,0,0,0,"63"
"6308030601",62,406,143,136,35,52,115,48,0,29.6943231441048,0,0,3,6,31,19,4,16,4,0,40,13,26,0,0,47,0,0,95,37,26,0,40,0,2,0,0,0,0,12,5,"63"
"6308030701",79,292,141,131,47,106,107,17,0,37.9710144927536,0,0,0,6,41,13,4,69,0,0,70,2,24,0,0,46,0,0,85,16,2,1,79,63,94,12,0,0,0,0,0,"63"
"6308040101",65,286,133,122,30,118,14,2,0,30.272952853598,0,0,0,0,30,0,0,0,0,0,118,0,2,0,0,13,0,0,1,2,0,0,120,7,68,0,0,0,0,0,0,"63"
"6308040201",72,259,50,50,28,35,27,0,0,5.70125427594071,0,0,0,0,28,0,0,0,0,0,35,0,0,0,0,27,0,0,0,0,0,0,14,18,29,0,0,0,0,0,0,"63"
"6308040301",40,156,69,64,39,46,50,0,0,29.7674418604651,0,0,0,0,35,25,5,1,0,0,46,7,13,0,0,29,0,0,32,0,0,0,47,39,42,0,0,0,0,0,6,"63"
"6308040401",81,346,135,133,37,85,99,1,0,21.4516129032258,0,0,0,2,37,0,0,6,0,0,82,0,30,0,0,56,0,0,49,0,1,0,132,32,75,0,0,0,0,0,1,"63"
"6308040501",53,233,56,55,0,0,55,0,0,8.73015873015873,0,0,0,0,0,0,0,0,0,0,0,0,0,0,0,55,0,0,0,0,0,0,55,9,42,0,0,0,0,0,0,"63"
"6308040601",59,222,52,52,0,2,50,0,0,19.622641509434,0,0,0,0,0,0,0,0,0,2,0,0,0,0,0,14,0,0,50,0,0,0,23,18,33,0,0,0,0,0,0,"63"
"6308040701",212,915,162,161,122,145,45,0,0,14.8936170212766,0,0,0,0,122,0,0,0,0,0,145,0,21,3,0,43,0,0,6,0,0,0,148,50,122,0,0,0,0,0,0,"63"
"6308040801",16,96,9,9,2,0,7,0,0,2.05479452054794,0,0,0,0,2,0,0,0,0,0,0,0,0,0,0,7,0,0,0,0,0,0,9,0,0,0,0,0,0,0,0,"63"
"6308040901",34,120,23,21,0,0,21,0,0,1.91431175934366,0,0,0,0,0,0,0,0,0,0,0,0,0,0,0,21,0,0,0,0,0,0,21,0,0,0,0,0,0,0,0,"63"
"6308041001",34,178,28,28,4,2,28,0,0,4.22322775263952,0,0,0,0,4,0,0,0,0,0,2,0,0,0,0,27,0,0,1,0,0,0,19,1,20,0,0,0,0,0,0,"63"
"6308041101",84,336,129,127,0,0,127,0,0,33.8666666666667,0,0,0,0,0,0,0,0,0,0,0,0,0,0,0,25,0,0,126,0,0,0,3,19,79,0,0,0,0,0,0,"63"
"6308041201",18,76,36,30,0,0,30,0,0,20.8333333333333,0,0,0,0,0,0,0,0,0,0,0,0,0,0,0,5,0,0,27,0,0,0,3,8,23,0,0,0,0,0,0,"63"
"6308050101",67,289,107,90,23,27,67,19,0,13.7825421133231,0,0,0,0,21,3,2,2,0,0,25,0,19,0,0,30,0,0,42,14,12,1,17,60,63,2,0,0,0,0,2,"63"
"6308050201",89,462,156,134,88,100,81,13,0,22.9845626072041,1,0,0,80,48,1,0,4,0,0,100,8,45,0,0,27,1,0,61,1,11,1,35,100,108,4,1,0,0,0,0,"63"
"6308050301",11,48,24,23,1,1,23,14,0,32.8571428571429,0,0,0,0,1,0,0,1,0,0,1,3,1,0,0,2,0,0,22,14,3,0,1,0,6,0,0,0,0,0,1,"63"
"6308050401",93,410,184,177,50,154,149,31,0,42.7536231884058,0,0,0,11,48,74,2,49,0,0,151,7,30,1,2,13,1,0,145,14,20,0,101,13,146,86,1,0,0,0,15,"63"
"6308060101",95,214,65,51,8,2,30,22,0,6.31188118811881,0,0,0,3,8,5,0,2,0,0,0,0,0,0,0,12,0,0,19,6,16,0,11,9,7,4,0,0,0,3,0,"63"
"6308060201",8,33,8,7,0,0,7,0,0,1.67464114832536,0,0,0,0,0,0,0,0,0,0,0,0,0,0,0,7,0,0,0,0,0,0,7,6,6,0,0,0,0,0,0,"63"
"6308060301",14,46,14,10,3,2,7,2,0,4.80769230769231,0,0,0,0,3,0,0,2,0,0,0,0,3,0,0,7,0,0,0,2,0,0,0,4,2,0,0,0,0,0,0,"63"
"6308060401",31,84,31,24,9,3,7,5,0,5.32150776053215,0,0,0,0,9,0,0,0,0,0,3,0,1,0,0,6,0,0,1,0,5,0,0,6,2,0,0,0,0,0,0,"63"
"6309010101",16,55,11,10,5,2,4,0,0,3.08641975308642,0,0,0,5,3,4,0,0,0,0,2,0,0,0,0,4,0,0,0,0,0,0,3,7,3,0,0,0,0,0,0,"63"
"6309010102",8,14,3,2,2,0,0,0,0,0.99009900990099,0,0,0,2,1,1,0,0,0,0,0,0,0,0,0,0,0,0,0,0,0,0,1,1,0,0,0,0,0,0,0,"63"
"6309010103",9,14,4,3,2,1,0,0,0,1.5,0,0,0,2,1,3,0,0,0,0,1,0,0,0,0,0,0,0,0,0,0,0,1,3,3,0,0,0,0,0,0,"63"
"6309010104",1,5,0,0,0,0,0,0,0,0,0,0,0,0,0,0,0,0,0,0,0,0,0,0,0,0,0,0,0,0,0,0,0,0,0,0,0,0,0,0,0,"63"
"6309010105",12,46,5,5,2,2,1,0,0,1.07758620689655,0,0,0,2,0,3,0,0,0,0,2,0,0,0,0,1,0,0,0,0,0,0,1,3,3,0,0,0,0,0,0,"63"
"6309010106",6,24,7,7,0,0,7,0,0,2.85714285714286,0,0,0,0,0,0,0,0,0,0,0,0,0,0,0,7,0,0,0,0,0,0,0,0,0,0,0,0,0,0,0,"63"
"6309010201",31,112,27,23,0,0,5,22,0,5.94315245478036,0,0,0,0,0,0,0,0,0,0,0,0,0,0,0,5,0,0,0,11,13,0,14,8,8,0,0,0,0,0,0,"63"
"6309010301",33,108,48,47,0,0,24,31,0,7.66721044045677,0,0,0,0,0,0,0,0,0,0,0,0,0,0,0,17,0,0,7,6,25,0,20,16,18,0,0,0,0,0,0,"63"
"6309010401",56,175,68,57,20,14,27,5,0,7.4025974025974,0,0,0,0,4,14,16,3,0,0,13,0,0,0,0,10,0,0,19,3,3,0,17,24,29,2,0,0,0,0,2,"63"
"6309010501",53,186,68,59,1,1,15,44,0,7.51592356687898,0,0,0,1,0,1,0,0,0,0,1,0,0,0,0,2,0,0,13,8,38,0,58,26,25,0,0,0,0,0,0,"63"
"6309010502",6,20,9,8,5,8,2,0,0,9.30232558139535,0,0,0,5,5,7,0,0,0,0,8,0,2,0,0,2,0,0,0,0,0,0,3,7,2,0,0,0,0,0,0,"63"
"6309010601",42,185,25,22,1,8,17,0,0,2.04271123491179,0,0,0,1,1,3,0,7,0,0,1,0,1,0,0,16,0,0,1,0,0,0,0,8,5,0,0,0,0,0,0,"63"
"6309010701",61,199,83,80,0,1,5,74,0,9.28074245939675,0,0,0,0,0,1,0,0,0,0,1,0,0,0,0,5,0,0,0,11,63,0,39,32,54,0,0,0,0,0,1,"63"
"6309010801",25,114,31,30,0,4,25,2,0,3.90625,0,0,0,0,0,2,0,1,0,0,3,0,1,0,0,20,0,0,8,1,1,0,20,4,5,0,0,0,0,0,0,"63"
"6309010901",35,95,54,48,25,22,2,2,0,9.26640926640927,0,0,0,21,2,28,4,0,0,0,22,0,4,0,0,2,0,0,0,0,2,0,28,27,23,0,0,0,0,0,0,"63"
"6309011001",19,46,13,12,3,5,4,0,0,3.68098159509202,0,0,0,0,0,5,3,2,0,0,5,0,4,0,0,1,0,0,3,0,0,0,0,6,4,0,0,0,0,0,0,"63"
"6309011101",114,633,180,173,60,156,111,22,0,26.6563944530046,0,0,0,37,32,93,0,143,2,2,95,6,54,0,0,19,0,0,107,18,4,0,159,8,28,2,0,0,0,0,12,"63"
"6309011201",96,325,100,96,57,71,12,7,0,12.2292993630573,0,0,0,36,44,44,9,14,0,0,69,7,11,0,0,7,0,0,5,7,1,0,59,51,54,0,0,0,0,0,3,"63"
"6309011301",56,162,80,78,5,0,26,61,0,10.4417670682731,0,0,0,0,0,0,5,0,0,0,0,0,0,1,0,14,0,0,12,11,55,0,31,37,50,0,0,0,0,0,0,"63"
"6309011401",18,78,25,14,0,0,14,0,0,2.1978021978022,0,0,0,0,0,0,0,0,0,0,0,0,0,0,0,14,0,0,0,0,0,0,0,0,0,0,0,0,0,0,0,"63"
"6309020101",9,28,3,3,0,0,3,0,0,0.355871886120996,0,0,0,0,0,0,0,0,0,0,0,0,0,0,0,3,0,0,0,0,0,0,0,0,0,0,0,0,0,0,0,"63"
"6309020201",12,53,10,8,1,0,7,0,0,0.962695547533093,0,0,0,0,1,0,0,0,0,0,0,0,0,0,0,7,0,0,0,0,0,0,0,0,0,0,0,0,0,0,0,"63"
"6309020301",4,9,1,1,0,0,1,0,0,0.390625,0,0,0,0,0,0,0,0,0,0,0,0,0,0,0,1,0,0,0,0,0,0,0,0,0,0,0,0,0,0,0,"63"
"6309020401",12,46,13,9,0,3,6,0,0,0.947368421052632,0,0,0,0,0,0,0,0,0,2,1,0,0,0,0,6,0,0,0,0,0,0,0,1,0,0,0,0,0,0,0,"63"
"6309020501",11,48,14,14,0,0,14,0,0,3.43980343980344,0,0,0,0,0,0,0,0,0,0,0,0,0,0,0,14,0,0,0,0,0,0,0,0,0,0,0,0,0,0,0,"63"
"6309020601",4,9,3,3,1,3,0,0,0,0.72289156626506,0,0,0,1,0,0,0,3,0,0,0,0,0,0,0,0,0,0,0,0,0,0,0,0,0,0,0,0,0,0,0,"63"
"6309020701",3,9,2,2,0,0,2,0,0,0.391389432485323,0,0,0,0,0,0,0,0,0,0,0,0,0,0,0,2,0,0,0,0,0,0,0,0,0,0,0,0,0,0,0,"63"
"6309020801",18,73,25,24,0,0,24,0,0,3.67534456355283,0,0,0,0,0,0,0,0,0,0,0,0,0,0,0,24,0,0,0,0,0,0,0,0,0,0,0,0,0,0,0,"63"
"6309020901",8,23,9,9,0,4,5,0,0,2.07852193995381,0,0,0,0,0,0,0,0,0,3,1,0,0,0,0,5,0,0,0,0,0,0,0,0,0,0,0,0,0,0,0,"63"
"6309030101",8,23,14,12,0,4,8,0,0,2.63157894736842,0,0,0,0,0,0,0,0,0,3,1,0,0,0,0,8,0,0,0,0,0,0,0,5,5,0,0,0,0,0,0,"63"
"6309030201",8,36,3,3,0,0,3,0,0,0.699300699300699,0,0,0,0,0,0,0,0,0,0,0,0,0,0,0,3,0,0,0,0,0,0,0,0,0,0,0,0,0,0,0,"63"
"6309030301",2,9,2,2,0,0,2,0,0,0.341296928327645,0,0,0,0,0,0,0,0,0,0,0,0,0,0,0,2,0,0,0,0,0,0,0,0,0,0,0,0,0,0,0,"63"
"6309030401",3,6,2,1,1,0,0,0,0,0.33112582781457,0,0,0,0,0,0,1,0,0,0,0,0,0,0,0,0,0,0,0,0,0,0,0,0,0,0,0,0,0,0,0,"63"
"6309030501",4,14,7,4,0,1,3,0,0,1.39372822299652,0,0,0,0,0,0,0,0,0,1,0,0,0,0,0,3,0,0,0,0,0,0,0,0,0,0,0,0,0,0,0,"63"
